17.512136755913385,1.64305662839919,3.1585755803956785,1.5234680557850997,2.557363226485901
17.304248455631733,1.7131099923316844,3.2801240695109195,1.5439862110359979,2.871823142987052
16.887136755913385,1.882233773627371,3.736000288215233,1.5416743318924846,3.2263170651846593
16.862954820089364,1.882233773627371,3.736000288215233,1.4739328471035038,3.327699361691365
16.71674135467991,1.882233773627371,3.736000288215233,1.5416743318924846,3.6682588034262515
16.657420595640108,1.7131099923316844,3.9051240695109195,1.5439862110359979,4.074247850806606
17.92100988973717,1.5439862110359979,2.871823142987052,1.6635747836500885,2.270610789077275
17.487954820089364,1.64305662839919,3.1585755803956785,1.64305662839919,2.5811508725761247
17.285981240506477,1.9786850423142162,3.39775272562386,1.6381256005793297,2.8880695025932868
16.895375321807947,1.882233773627371,3.736000288215233,1.64305662839919,3.1585755803956785
16.800263310838343,2.0018223462414615,3.71221264212501,1.7131099923316844,3.2801240695109195
16.270375321807947,2.2227932153622576,4.245683511245806,1.882233773627371,3.736000288215233
16.270375321807947,2.2227932153622576,4.245683511245806,1.7131099923316844,3.9051240695109195
16.1575990324959,2.2227932153622576,4.245683511245806,1.7808514771206652,4.245683511245806
17.496193385983926,2.0018223462414615,3.08721264212501,2.0018223462414615,2.46221264212501
17.261799304682455,1.9786850423142162,3.39775272562386,1.9786850423142162,2.8203280178043064
16.871193385983926,2.0018223462414615,3.71221264212501,2.0018223462414615,3.08721264212501
16.66921980640104,2.0982736149283068,3.9989650795336376,1.9786850423142162,3.39775272562386
16.246193385983926,2.2227932153622576,4.245683511245806,2.0018223462414615,3.71221264212501
16.0524583722956,2.3869859688380837,4.431053652147728,2.0982736149283068,3.9989650795336376
15.653613887702509,2.732476438392831,4.586242952980693,2.2227932153622576,4.245683511245806
15.62943195187849,2.732476438392831,4.586242952980693,2.155051730573277,4.586242952980693
17.31755941885589,2.0018223462414615,3.08721264212501,2.2905347001512384,2.8943012147391007
16.546345953446437,2.2905347001512384,3.9051240695109195,2.3582761849402196,3.5645646277760323
16.487025194406634,2.2905347001512384,3.9051240695109195,2.2905347001512384,3.665946924282738
16.099979920574473,2.2227932153622576,4.245683511245806,2.2905347001512384,3.9051240695109195
15.498388447441183,2.988198322747861,4.550642224761819,2.3869859688380837,4.431053652147728
15.4274583722956,3.011985968838084,4.670230797375909,2.502302745807511,4.568848500869204
15.498388447441183,3.011985968838084,4.670230797375909,2.43456126101853,4.909407942604091
15.278776987923775,3.4970407228060143,0.9619895456545433,2.8720407228060143,0.9619895456545432
14.99834288017007,3.3099011462123853,4.586242952980693,2.8002179231818123,4.4848606564739875
15.03685245359707,3.3099011462123853,4.586242952980693,2.732476438392831,4.586242952980693
15.023058577853755,3.36602002968216,4.909407942604091,2.788595321862606,4.909407942604091
15.157762132717165,3.4970407228060143,0.9619895456545433,3.1845407228060143,0.6494895456545432
15.246356486205194,3.4970407228060143,0.9619895456545433,2.963569853685218,0.7410186765337472
14.881627013335745,3.613198322747861,4.550642224761819,2.988198322747861,4.550642224761819
14.873388447441183,3.613198322747861,4.550642224761819,3.011985968838084,4.670230797375909
14.982828096013769,3.6369859688380832,4.909407942604091,3.059561261018529,4.909407942604091
14.653776987923775,4.122040722806014,0.9619895456545434,3.4970407228060143,0.9619895456545433
14.372326205791246,4.078927707079674,4.633818245161139,3.569244484049101,4.532435948654434
14.444272955315652,3.8873258540319395,4.586242952980693,3.3099011462123853,4.586242952980693
14.430479079572336,3.9434447375017143,4.909407942604091,3.36602002968216,4.909407942604091
14.532762132717165,4.122040722806014,0.9619895456545434,3.8095407228060143,0.6494895456545433
14.621356486205194,4.122040722806014,0.9619895456545434,3.588569853685218,0.7410186765337473
14.256627013335745,4.238198322747861,4.550642224761819,3.613198322747861,4.550642224761819
13.851693457034234,4.464750561851494,4.586242952980693,3.8873258540319395,4.586242952980693
14.39024859773235,4.146669191868656,5.249967384338977,3.6369859688380832,4.909407942604091
14.198303667380157,4.329727453627064,5.249967384338977,3.887785715385472,5.249967384338977
14.319318522586768,4.329727453627064,5.249967384338977,3.887785715385472,5.69190912258057
14.404212945650157,4.314952150191924,0.6732771917447663,3.9743927084570365,0.6055357069557853
14.028776987923775,4.747040722806014,0.9619895456545435,4.122040722806014,0.9619895456545434
13.813183883607232,4.464750561851494,4.586242952980693,3.9550673388209208,4.4848606564739875
13.862081517114937,4.520869445321268,4.909407942604091,4.0111862222906955,4.568848500869204
13.837899581290918,4.520869445321268,4.909407942604091,3.9434447375017143,4.909407942604091
13.773487163626912,4.5886109301102485,5.249967384338977,4.146669191868656,5.249967384338977
13.88626345293896,4.5886109301102485,5.249967384338977,4.078927707079675,5.590526826073864
14.020538422029212,4.818403661076683,0.6032238278122715,4.240978953257129,0.6032238278122714
13.931944068541185,4.818403661076683,0.6032238278122715,4.410102734552815,0.7723476091079577
13.631627013335745,4.8394106766576375,4.670230797375909,4.238198322747861,4.550642224761819
13.259113958752815,5.042175269671048,4.586242952980693,4.464750561851494,4.586242952980693
13.245320083009501,5.098294153140822,4.909407942604091,4.520869445321268,4.909407942604091
13.694318522586768,4.8394106766576375,4.909407942604091,4.329727453627064,5.249967384338977
13.88626345293896,4.5886109301102485,5.249967384338977,4.248051488375362,5.759650607369551
13.427958923747795,5.328086884107257,0.9437832695471583,4.818403661076683,0.6032238278122715
13.403776987923775,5.372040722806014,0.9619895456545436,4.747040722806014,0.9619895456545435
13.201494846831391,5.281352414899229,4.633818245161139,4.6801400609894515,4.5142296725470485
13.014865579230309,5.349093899688211,4.568848500869204,4.8394106766576375,4.670230797375909
13.07755708848133,5.349093899688211,4.568848500869204,4.8394106766576375,4.909407942604091
13.269502018833522,5.098294153140822,4.909407942604091,4.5886109301102485,5.249967384338977
13.26126345293896,5.2136109301102485,5.249967384338977,4.703927707079675,5.590526826073864
13.282762132717165,5.372040722806014,0.9619895456545436,5.059540722806014,0.6494895456545435
13.315182634435747,5.328086884107257,0.9437832695471583,4.886145145865664,0.9437832695471582
12.608915348549973,5.4504761961949155,4.417119171685007,5.109916754460029,4.4848606564739875
12.666534460471398,5.4504761961949155,4.417119171685007,5.042175269671048,4.586242952980693
12.652740584728084,5.675718860960376,4.670230797375909,5.098294153140822,4.909407942604091
13.099106617600048,5.098294153140822,4.909407942604091,5.030552668351842,5.249967384338977
13.23708151711494,5.267417934436509,5.078531723899777,4.926858492701622,5.58821494693035
13.252491125184727,5.549057753228053,0.8522541386679543,5.236557753228053,0.5397541386679541
12.778776987923775,5.90551159192681,1.1829604147753399,5.372040722806014,0.9619895456545436
12.690182634435747,5.90551159192681,1.1829604147753399,5.463569853685218,1.1829604147753399
12.627491125184727,5.90551159192681,1.6249021530169319,5.463569853685218,1.6249021530169316
12.55322440929968,5.857936299746363,1.8640792982451133,5.415994561504771,1.8640792982451133
12.540822261755933,5.674878037987957,1.8640792982451133,5.453907168867161,1.9556084291243172
12.137833617994318,5.953927707079676,2.8857576234497735,5.444244484049103,2.5451981817148868
12.044871101210859,5.939993226616955,3.1585755803956794,5.507904654002864,2.869863226485902
12.012450599492277,5.953927707079676,3.1249347686779547,5.444244484049103,3.0235524721712492
11.975676782655407,5.838610930110249,3.22631706518466,5.498051488375363,3.294058549973641
11.975676782655407,5.838610930110249,3.6682588034262524,5.498051488375363,3.600517318637271
12.024574416163116,5.699506507050598,3.6864650795336376,5.506595079664689,3.975177433443415
12.061348232999986,5.892417934436508,3.975177433443415,5.460329361822417,4.263889787353191
12.460795654375891,5.791035637929803,4.568848500869204,5.349093899688211,4.568848500869204
12.620320083009503,5.675718860960376,4.670230797375909,5.267417934436509,5.078531723899777
12.644502018833522,5.723294153140822,4.909407942604091,5.2136109301102485,5.249967384338977
13.090868051705487,5.2136109301102485,5.249967384338977,5.28135241489923,5.590526826073864
12.778776987923775,5.90551159192681,1.1829604147753399,5.684540722806014,0.6494895456545438
12.748505980391338,5.837770107137829,1.2843427112820451,5.549057753228053,0.8522541386679543
12.19443605553692,6.415194814957383,1.5235198565102266,5.837770107137829,1.2843427112820451
12.162015553818339,6.2998780379879555,1.8640792982451133,5.790194814957382,1.5235198565102266
12.153776987923774,6.18456126101853,2.20463873998,5.674878037987957,1.8640792982451133
12.129595052099756,6.069244484049103,2.5451981817148868,5.55956126101853,2.20463873998
12.066903542848735,6.069244484049103,2.5451981817148868,5.55956126101853,2.4438158852081813
12.08338067463786,5.939993226616955,3.1585755803956794,5.531692300093087,2.7502746538718115
11.529310749783443,6.3720817992310455,3.4472879343054563,5.838610930110249,3.22631706518466
11.553492685607463,6.3720817992310455,3.4472879343054563,5.770869445321268,3.3276993616913657
11.578208383291152,6.324506507050598,3.6864650795336376,5.699506507050598,3.6864650795336376
11.594685515080277,6.276931214870153,3.925642224761819,5.651931214870153,3.925642224761819
11.860715933705828,5.964431214870153,4.238142224761819,5.743460345749357,4.329671355641023
11.956810509582501,6.300718860960376,4.670230797375909,5.791035637929803,4.568848500869204
12.027740584728084,6.300718860960376,4.670230797375909,5.723294153140822,4.909407942604091
12.474106617600048,5.723294153140822,4.909407942604091,5.655552668351842,5.249967384338977
12.61208151711494,5.892417934436509,5.078531723899777,5.551858492701622,5.58821494693035
12.732562610461882,6.176017669729202,0.9460951486906721,5.887305315819425,0.5140065760765813
12.178492685607464,6.7534423775487555,1.1852722939188536,6.176017669729202,0.9460951486906721
12.186197489642357,6.415194814957383,1.5235198565102266,5.90551159192681,1.1829604147753399
12.123505980391338,6.415194814957383,1.5235198565102266,5.90551159192681,1.6249021530169319
12.04923926450629,6.2998780379879555,1.8640792982451133,5.857936299746363,1.8640792982451133
11.92069007743928,6.18456126101853,2.4438158852081813,5.895848907108753,2.250904457822272
11.512833617994318,6.578927707079676,2.8857576234497735,6.069244484049103,2.5451981817148868
11.521072183888881,6.463610930110249,3.22631706518466,5.953927707079676,2.8857576234497735
11.45838067463786,6.463610930110249,3.22631706518466,5.953927707079676,3.1249347686779547
11.507278308145569,6.324506507050598,3.6864650795336376,5.892417934436508,3.3977527256238607
11.41987110121086,6.6027153531698985,3.6500525273188673,5.9777153531698985,3.6500525273188673
11.42477302636596,6.416035637929802,3.9074359486544337,5.97409389968821,3.9074359486544337
11.473670659873667,6.276931214870153,3.925642224761819,5.964431214870153,4.238142224761819
11.959733412725953,6.195064768809006,4.44090681777523,5.906352414899229,4.633818245161139
11.995320083009503,6.300718860960376,4.670230797375909,5.892417934436509,5.078531723899777
12.691903542848733,5.883874343147181,4.75536673427638,5.883874343147181,5.3327914420959335
12.58789958129092,5.892417934436509,5.078531723899777,5.892417934436509,5.655956431719331
12.19443605553692,6.9566668319157,0.8811254043987365,6.446983608885127,0.5405659626638497
12.1702541197129,6.7534423775487555,1.1852722939188536,6.243759154518183,0.8447128521839667
12.107562610461882,6.7534423775487555,1.1852722939188536,6.243759154518183,1.2866545904255589
11.56943605553692,6.924878037987956,1.8640792982451133,6.415194814957383,1.5235198565102266
11.5452541197129,6.809561261018528,2.20463873998,6.2998780379879555,1.8640792982451133
11.537015553818337,6.694244484049103,2.5451981817148868,6.18456126101853,2.20463873998
11.474324044567316,6.694244484049103,2.5451981817148868,6.18456126101853,2.4438158852081813
11.48256261046188,6.564993226616955,3.1585755803956794,6.224433784882068,2.648892357365106
10.904310749783443,6.9970817992310455,3.4472879343054563,6.463610930110249,3.22631706518466
10.936731251502025,6.9970817992310455,3.4472879343054563,6.3720817992310455,3.4472879343054563
10.953208383291152,6.949506507050598,3.6864650795336376,6.324506507050598,3.6864650795336376
10.969685515080277,6.901931214870153,3.925642224761819,6.276931214870153,3.925642224761819
11.235715933705828,6.589431214870153,4.238142224761819,6.368460345749357,4.329671355641023
11.402740584728084,6.589431214870153,4.238142224761819,6.300718860960376,4.670230797375909
11.402740584728084,6.925718860960376,4.670230797375909,6.348294153140822,4.909407942604091
12.178492685607464,6.922566158844442,1.016148512623167,6.514265232320574,0.6078475860992993
12.03227922019801,6.922566158844442,1.016148512623167,6.5820067171095555,0.9484070278341861
11.553492685607464,7.1617433040726235,1.5935732204427213,6.7534423775487555,1.1852722939188536
11.553492685607464,6.877302745807509,2.1032564434732945,6.536743304072623,1.5935732204427213
11.399040654303446,6.924878037987956,1.8640792982451133,6.58431859625307,1.931820783034094
10.928492685607464,7.3192444840491016,2.5451981817148868,6.809561261018528,2.20463873998
10.920254119712899,7.203927707079676,2.8857576234497735,6.694244484049103,2.5451981817148868
10.896072183888881,7.088610930110249,3.22631706518466,6.578927707079676,2.8857576234497735
10.83338067463786,7.088610930110249,3.22631706518466,6.578927707079676,3.1249347686779547
10.882278308145569,6.949506507050598,3.6864650795336376,6.517417934436508,3.3977527256238607
10.79487110121086,7.203927707079676,3.769641099932958,6.6027153531698985,3.6500525273188673
10.79977302636596,7.041035637929802,3.9074359486544337,6.59909389968821,3.9074359486544337
10.848670659873667,6.901931214870153,3.925642224761819,6.589431214870153,4.238142224761819
11.281725729521474,6.973294153140822,4.909407942604091,6.564993226616955,4.740284161308404
11.378024887044397,7.142417934436508,4.600177433443415,6.710329361822417,4.888889787353191
12.024040654303446,6.9566668319157,0.8811254043987365,7.024408316704681,0.5405659626638498
11.577674621431482,7.466350054946273,1.2216848461336234,6.9566668319157,0.8811254043987365
11.553492685607463,7.466350054946273,1.2216848461336234,6.888925347126719,1.2216848461336232
11.347958461158207,7.1617433040726235,1.5935732204427213,6.922566158844442,1.5935732204427213
10.952674621431482,7.434561261018529,2.20463873998,6.924878037987956,1.8640792982451133
10.928492685607463,7.434561261018529,2.20463873998,6.857136553198975,2.20463873998
10.815716396295416,7.3192444840491016,2.5451981817148868,6.877302745807509,2.5451981817148868
10.85756261046188,7.189993226616955,3.1585755803956794,6.849433784882068,2.648892357365106
10.279310749783443,7.6220817992310455,3.4472879343054563,7.088610930110249,3.22631706518466
10.311731251502025,7.6220817992310455,3.4472879343054563,6.9970817992310455,3.4472879343054563
10.328208383291152,7.574506507050598,3.6864650795336376,6.949506507050598,3.6864650795336376
10.344685515080277,7.526931214870153,3.925642224761819,6.901931214870153,3.925642224761819
10.610715933705828,7.214431214870153,4.238142224761819,6.993460345749357,4.329671355641023
10.777740584728084,7.214431214870153,4.238142224761819,6.925718860960376,4.670230797375909
10.777740584728084,7.550718860960376,4.670230797375909,6.973294153140822,4.909407942604091
11.585913187326046,7.534091539735254,1.120302549626918,7.193532098000367,0.6106193265963447
11.474857806426991,7.8243039487926485,1.1898960522058804,7.246879240973095,0.9507189069776989
10.960913187326046,7.976033277976846,1.56224428786851,7.466350054946273,1.2216848461336234
10.960913187326046,7.50230274580751,2.1032564434732945,7.1617433040726235,1.5935732204427213
10.912549315678008,7.7728088236099016,1.8663911773886268,7.195384115790348,1.8663911773886266
10.335913187326046,7.944244484049102,2.5451981817148868,7.434561261018529,2.20463873998
10.311731251502026,7.828927707079674,2.8857576234497735,7.3192444840491016,2.5451981817148868
10.303492685607463,7.713610930110249,3.22631706518466,7.203927707079676,2.8857576234497735
10.240801176356442,7.6220817992310455,3.4472879343054563,7.189993226616955,3.1585755803956794
10.207193528084542,7.574506507050598,3.6864650795336376,7.262006507050598,3.3739650795336376
10.178109667105423,7.713610930110249,3.6682588034262524,7.203927707079676,3.769641099932958
10.17477302636596,7.666035637929802,3.9074359486544337,7.22409389968821,3.9074359486544337
10.223670659873667,7.526931214870153,3.925642224761819,7.214431214870153,4.238142224761819
10.590163817671321,7.574506507050598,4.311465079533638,7.262006507050598,4.623965079533638
10.753024887044397,7.767417934436508,4.600177433443415,7.335329361822417,4.888889787353191
9.43730649478668,7.6055370601041945,7.191941738241592,7.436413278808509,7.0228179569459055
9.399899510530403,7.517629382706679,7.2283542904563625,7.228917028796903,7.421265717842272
11.482562610461882,7.842862187542396,1.4580902508647593,7.502302745807509,0.948407027834186
10.969151753220608,7.976033277976846,1.56224428786851,7.534091539735254,1.120302549626918
10.848136898013998,7.976033277976846,1.56224428786851,7.534091539735254,1.56224428786851
10.319969817396592,8.18110975013377,2.2746921039124945,7.7728088236099016,1.8663911773886268
10.344151753220608,7.944244484049102,2.5451981817148868,7.50230274580751,2.1032564434732945
10.223136898013998,7.944244484049102,2.5451981817148868,7.50230274580751,2.5451981817148868
10.165517786092572,7.944244484049102,2.5451981817148868,7.603685042314216,2.6129396665038676
9.686731251502025,8.223294153140822,3.566876506919547,7.713610930110249,3.22631706518466
9.69496981739659,8.199506507050598,3.6864650795336376,7.598294153140821,3.566876506919547
9.703208383291152,8.199506507050598,3.6864650795336376,7.574506507050598,3.6864650795336376
9.719685515080277,8.151931214870153,3.925642224761819,7.526931214870153,3.925642224761819
9.985715933705828,7.839431214870153,4.238142224761819,7.618460345749357,4.329671355641023
10.152740584728084,7.839431214870153,4.238142224761819,7.550718860960376,4.670230797375909
10.539785858560245,7.550718860960376,4.670230797375909,7.550718860960376,4.909407942604091
8.864939124170412,8.095054090526233,7.2283542904563625,7.686753164002366,7.059230509160676
8.95353347765844,8.095054090526233,7.2283542904563625,7.517629382706679,7.2283542904563625
8.978089672509611,8.363239399172892,7.494588572614091,7.738239399172892,7.494588572614091
10.904310749783441,8.485716501007419,1.2778037296033968,7.976033277976846,0.93724428786851
10.849857806426991,8.232604875316516,1.598196978729748,7.8243039487926485,1.1898960522058804
10.344151753220608,8.485716501007419,1.9028037296033968,7.976033277976846,1.56224428786851
10.249039742251007,8.165215353169899,2.453669050835683,7.944244484049102,1.9201981817148868
10.102826276841553,8.165215353169899,2.453669050835683,7.876502999260121,2.2607576234497735
9.719151753220608,8.453927707079675,2.8857576234497735,7.944244484049102,2.5451981817148868
9.69496981739659,8.338610930110248,3.22631706518466,7.828927707079674,2.8857576234497735
9.632278308145569,8.338610930110248,3.22631706518466,7.828927707079674,3.1249347686779547
9.582193528084542,8.199506507050598,3.6864650795336376,7.887006507050598,3.3739650795336376
9.573954962189978,8.223294153140822,3.566876506919547,7.814993226616954,3.7360002882152332
9.582193528084542,8.199506507050598,3.6864650795336376,7.887006507050598,3.9989650795336376
9.598670659873667,8.151931214870153,3.925642224761819,7.839431214870153,4.238142224761819
10.207193528084542,7.887006507050598,3.9989650795336376,7.887006507050598,4.623965079533638
10.645320995061944,7.767417934436508,4.600177433443415,7.960329361822417,4.888889787353191
8.409317851025062,8.624903506165342,6.2716457095436375,8.047478798345788,6.032468564315456
8.35648063999508,8.736598829653081,6.188469689144317,8.111598829653081,6.188469689144317
8.328533477658441,8.672478798345788,6.510822854771819,8.095054090526233,6.510822854771819
8.387285409387184,8.689023537472636,6.83317602039932,8.064023537472636,6.83317602039932
8.360953979377022,8.672478798345788,7.2283542904563625,8.095054090526233,7.2283542904563625
9.034317851025062,8.216602579641474,6.919123781295687,7.977425434413293,7.4965484891152405
10.746507229562823,8.50346291576127,1.4904214882443096,8.282492046640474,0.9569506191235135
10.600293764153367,8.50346291576127,1.4904214882443096,8.214750561851494,1.2975100608584003
10.257278308145573,8.471782020544698,2.1756216865493023,8.232604875316516,1.598196978729748
10.224857806426984,8.47409389968821,2.3985524721712492,8.133534457953324,1.888869249140676
9.727390319115173,8.521669191868655,2.784375326943068,8.18110975013377,2.2746921039124945
9.656460243969589,8.453927707079675,2.8857576234497735,8.165215353169899,2.453669050835683
9.102390319115171,8.963610930110248,3.22631706518466,8.453927707079675,2.8857576234497735
9.078208383291152,8.848294153140822,3.566876506919547,8.338610930110248,3.22631706518466
9.069969817396588,8.824506507050598,3.6864650795336376,8.223294153140822,3.566876506919547
9.078208383291152,8.824506507050598,3.6864650795336376,8.199506507050598,3.6864650795336376
9.094685515080277,8.776931214870153,3.925642224761819,8.151931214870153,3.925642224761819
8.299878202452478,8.760386475743305,6.0688811165302265,8.18296176792375,6.0688811165302265
8.348242074100517,8.736598829653081,6.188469689144317,8.135386475743305,6.308058261758408
7.987079427231112,8.988239399172892,6.869588572614091,8.454768530052096,6.6486177034932945
8.019499928949696,8.988239399172892,6.869588572614091,8.363239399172892,6.869588572614091
8.322444405950023,8.672478798345788,7.2283542904563625,8.162795575315213,7.329736586963068
8.353089672509611,8.988239399172892,7.494588572614091,8.363239399172892,7.494588572614091
10.778927731281405,8.50346291576127,1.4904214882443096,8.50346291576127,0.8654214882443096
10.287549315678005,8.995399724037991,1.6183631713382836,8.485716501007419,1.2778037296033968
10.153927731281405,8.792175269671048,1.9225100608584003,8.50346291576127,1.4904214882443096
9.727390319115171,8.995399724037991,2.2433631713382836,8.485716501007419,1.9028037296033968
9.632278308145573,8.812341462279583,2.6853049095798758,8.471782020544698,2.1756216865493023
9.608096372321548,8.916035637929802,2.8404942104128414,8.47409389968821,2.3985524721712492
9.110628885009735,8.963610930110248,3.22631706518466,8.521669191868655,2.784375326943068
8.989614029803125,8.963610930110248,3.22631706518466,8.521669191868655,3.22631706518466
8.957193528084542,8.824506507050598,3.6864650795336376,8.512006507050598,3.3739650795336376
8.973670659873667,8.776931214870153,3.925642224761819,8.464431214870153,3.613142224761819
8.469685515080277,9.401931214870153,3.925642224761819,8.776931214870153,3.925642224761819
7.70729870417106,9.33781118356286,6.0688811165302265,8.760386475743305,6.0688811165302265
7.784317851025061,9.202328213984897,6.2716457095436375,8.624903506165342,6.2716457095436375
7.7359539793770224,9.249903506165342,6.510822854771819,8.672478798345788,6.510822854771819
7.762285409387184,9.314023537472636,6.83317602039932,8.689023537472636,6.83317602039932
7.768374481095604,9.249903506165342,7.2283542904563625,8.672478798345788,7.2283542904563625
8.360953979377022,8.841602579641474,6.919123781295687,8.602425434413293,7.4965484891152405
10.21876873471857,8.894017427531285,1.7336799483077103,8.79263513102458,1.2239967252771369
9.670787881572569,9.216370593158787,2.1518340404590797,8.995399724037991,1.6183631713382836
9.599857806426987,9.200476196194916,2.330810987382268,8.792175269671048,1.9225100608584003
9.110628885009735,9.437341462279583,2.6853049095798758,8.995399724037991,2.2433631713382836
8.926922520552106,9.34581233140038,2.906275778700672,9.03331233140038,2.593775778700672
9.015516874040134,9.34581233140038,2.906275778700672,8.812341462279583,2.6853049095798758
8.485628885009735,9.473294153140822,3.566876506919547,8.963610930110248,3.22631706518466
8.461446949185714,9.425718860960377,3.806053652147728,8.848294153140822,3.566876506919547
8.453208383291152,9.425718860960377,3.806053652147728,8.824506507050598,3.6864650795336376
8.390516874040133,9.425718860960377,3.806053652147728,8.916035637929802,3.9074359486544337
7.695723497537033,9.202328213984897,6.2716457095436375,8.794027287461029,6.102521928247951
7.647359625888995,9.249903506165342,6.510822854771819,8.841602579641474,6.341699073476132
7.362079427231112,9.613239399172892,6.869588572614091,9.079768530052096,6.6486177034932945
7.394499928949695,9.613239399172892,6.869588572614091,8.988239399172892,6.869588572614091
7.710615127636273,9.1811508265588,7.158300926523868,8.94197368133062,7.158300926523868
7.72808967250961,9.613239399172892,7.494588572614091,8.988239399172892,7.494588572614091
10.099474787924944,9.439653341423098,1.7533862795627135,9.200476196194916,1.1759615717431593
9.703208383291152,9.216370593158787,2.1518340404590797,9.216370593158787,1.5268340404590797
9.506895289643527,9.847954267946966,2.1616872060865813,9.270529560127411,1.9225100608583998
9.078208383291152,9.437341462279583,2.6853049095798758,9.216370593158787,2.1518340404590797
8.918683954657542,9.780212783157982,2.8880695025932868,9.27052956012741,2.5475100608584
8.422937375758716,9.777900904014471,3.1949881326104492,9.34581233140038,2.906275778700672
8.429026447467132,9.493460345749357,3.7046713556410227,9.152900904014471,3.1949881326104492
8.39051687404013,9.425718860960377,3.806053652147728,9.137006507050598,3.3739650795336376
7.836446949185714,10.026931214870153,3.925642224761819,9.425718860960377,3.806053652147728
7.844685515080277,10.026931214870153,3.925642224761819,9.401931214870153,3.925642224761819
7.224158854462225,9.779752921804452,6.2716457095436375,9.202328213984897,6.032468564315456
7.191738352743642,9.779752921804452,6.2716457095436375,9.202328213984897,6.2716457095436375
7.143374481095604,9.827328213984897,6.510822854771819,9.249903506165342,6.510822854771819
7.137285409387184,9.939023537472636,6.83317602039932,9.314023537472636,6.83317602039932
7.175794982814185,9.827328213984897,7.2283542904563625,9.249903506165342,7.2283542904563625
10.06705428620636,9.439653341423098,1.7533862795627135,9.439653341423098,1.1759615717431595
9.4953200830095,9.777900904014471,1.9925634247908952,9.608777122718784,1.5842624982670275
9.474474787924944,9.847954267946966,2.1616872060865813,9.439653341423098,1.7533862795627135
8.989614029803125,9.437341462279583,2.6853049095798758,9.437341462279583,2.2433631713382836
8.485628885009735,9.777900904014471,3.1949881326104492,9.65831233140038,2.593775778700672
8.485628885009735,9.777900904014471,3.1949881326104492,9.437341462279583,2.6853049095798758
8.244303408630676,9.762006507050598,3.3739650795336376,9.473294153140822,3.181053652147728
7.868867450904297,10.050718860960377,3.806053652147728,9.473294153140822,3.566876506919547
7.812265013361695,10.026931214870153,3.925642224761819,9.493460345749357,3.7046713556410227
7.797937375758715,10.050718860960377,3.806053652147728,9.541035637929802,3.9074359486544337
7.127325935079634,9.755965275714228,6.391234282157728,9.443465275714228,6.078734282157728
6.623340790286244,10.357177629624006,6.2716457095436375,9.755965275714228,6.391234282157728
6.737079427231112,10.238239399172892,6.869588572614091,9.704768530052096,6.6486177034932945
6.769499928949695,10.238239399172892,6.869588572614091,9.613239399172892,6.869588572614091
7.085615127636273,9.8061508265588,7.158300926523868,9.56697368133062,7.158300926523868
7.10308967250961,10.238239399172892,7.494588572614091,9.613239399172892,7.494588572614091
9.583914436497526,9.777900904014471,1.9925634247908952,9.777900904014471,1.4151387169713412
9.023755439934693,10.56040208399095,2.271613093882615,10.050718860960377,1.9310536521477282
8.881895289643527,10.357637490977538,2.502246647821468,9.847954267946966,2.1616872060865813
8.398755439934693,10.118460345749357,3.0796713556410227,9.777900904014471,2.5699881326104492
8.301922520552106,10.289896006188556,3.2286289443281735,9.780212783157982,2.8880695025932868
7.868867450904297,10.118460345749357,3.7046713556410227,9.777900904014471,3.1949881326104492
7.797937375758714,10.050718860960377,3.806053652147728,9.762006507050598,3.3739650795336376
7.243867450904297,10.56040208399095,4.146613093882615,10.050718860960377,3.806053652147728
7.219685515080277,10.56040208399095,4.146613093882615,10.026931214870153,3.925642224761819
7.289428443672542,10.020889983533783,4.882848556016822,10.020889983533783,4.257848556016822
6.664428443672542,10.333389983533783,5.195348556016822,10.020889983533783,4.882848556016822
6.664428443672542,10.333389983533783,5.195348556016822,10.020889983533783,5.507848556016822
6.690331287909549,10.357177629624006,5.314937128630913,10.068465275714228,5.747025701245003
6.560649281035224,10.357177629624006,6.2716457095436375,9.847494406593432,6.170263413036932
6.599158854462224,10.357177629624006,6.2716457095436375,9.779752921804452,6.2716457095436375
6.550794982814185,10.404752921804452,6.510822854771819,9.827328213984897,6.510822854771819
6.512285409387184,10.472494406593432,6.612205151278524,9.939023537472636,6.83317602039932
6.583215484532767,10.404752921804452,7.2283542904563625,9.827328213984897,7.2283542904563625
7.20159265096468,10.0843596726781,6.8827112290809165,9.964771100064011,7.483923582990693
9.608096372321548,9.777900904014471,1.9925634247908952,10.118460345749359,1.482880201760322
8.92040486307053,10.459019787484243,2.434505163032487,10.118460345749355,1.924821940001914
8.781725729521474,10.12077222489287,2.820328017804306,10.12077222489287,2.2429033099847517
8.390516874040133,10.459019787484243,3.059505163032487,10.118460345749355,2.5498219400019138
8.189146231240056,10.289896006188556,3.2286289443281735,10.12077222489287,2.820328017804306
7.781994005829256,10.56040208399095,3.521613093882615,10.118460345749357,3.0796713556410227
7.660979150622646,10.56040208399095,3.521613093882615,10.118460345749357,3.521613093882615
7.25210601679886,10.56040208399095,4.146613093882615,10.118460345749357,3.7046713556410227
7.131091161592249,10.56040208399095,4.146613093882615,10.118460345749357,4.146613093882615
6.744784231266007,10.492660599201969,4.87299539038932,10.0843596726781,4.464694463865453
7.000165682996012,10.020889983533783,4.882848556016822,10.140478556147873,4.859060909926599
6.160443298879152,10.934602337443561,5.314937128630913,10.333389983533783,5.195348556016822
6.136261363055132,10.934602337443561,5.314937128630913,10.357177629624006,5.314937128630913
6.152204732984588,10.83945175308267,5.793291419087275,10.262027045263116,5.554114273859094
6.1604432988791515,10.815664106992447,5.912879991701366,10.190664106992447,5.912879991701366
6.006579356180805,10.934602337443561,6.2716457095436375,10.357177629624006,6.2716457095436375
5.958215484532767,10.982177629624006,6.510822854771819,10.404752921804452,6.510822854771819
6.144499928949695,10.863239399172892,6.869588572614091,10.238239399172892,6.869588572614091
5.990635986251348,10.982177629624006,7.2283542904563625,10.404752921804452,7.2283542904563625
6.47808967250961,10.863239399172892,7.494588572614091,10.238239399172892,7.494588572614091
8.896222927246509,10.459019787484243,2.434505163032487,10.459019787484243,1.8570804552129332
8.406994005829256,10.781372953111745,2.805083963003411,10.56040208399095,2.271613093882615
8.303643428965092,10.459019787484243,3.0119298708520414,10.459019787484243,2.434505163032487
7.781994005829256,10.781372953111745,3.430083963003411,10.56040208399095,2.896613093882615
7.635780540419802,10.781372953111745,3.430083963003411,10.492660599201969,3.2371725356175016
7.156994005829256,10.781372953111745,4.055083963003411,10.56040208399095,3.521613093882615
7.010780540419802,10.781372953111745,4.055083963003411,10.492660599201969,3.8621725356175016
6.62710601679886,11.070085307021523,4.487172535617502,10.56040208399095,4.146613093882615
6.527640690710969,10.781372953111745,4.680083963003411,10.492660599201969,4.487172535617502
6.15220473298459,11.070085307021523,5.112172535617502,10.492660599201969,4.87299539038932
6.1604432988791515,10.934602337443561,5.314937128630913,10.424919114412987,4.974377686896026
6.065331287909551,10.934602337443561,5.554114273859094,10.424919114412987,5.452731977352388
6.039428443672541,10.815664106992447,5.912879991701366,10.503164106992447,5.600379991701366
6.030761292004825,10.934602337443561,6.2716457095436375,10.424919114412987,5.931086267808751
5.968069782753806,10.934602337443561,6.2716457095436375,10.424919114412987,6.373028006050343
5.919705911105766,10.982177629624006,6.510822854771819,10.472494406593432,6.612205151278524
5.893803066868758,11.049919114412987,6.8513822965067055,10.607977376171394,6.8513822965067055
5.952126412824348,10.982177629624006,7.2283542904563625,10.472494406593432,7.329736586963068
8.439414507547838,10.781372953111745,2.805083963003411,10.781372953111745,2.180083963003411
8.327825364789112,10.459019787484243,3.0119298708520414,10.79957922921913,2.502246647821468
7.814414507547839,10.781372953111745,3.430083963003411,10.781372953111745,2.805083963003411
7.797937375758715,10.459019787484243,3.6369298708520414,10.79957922921913,3.127246647821468
7.189414507547839,10.781372953111745,4.055083963003411,10.781372953111745,3.430083963003411
8.231730788912436,10.20998947662856,3.4837004865202266,10.743460345749357,3.7046713556410227
6.564414507547839,11.070085307021523,4.487172535617502,10.781372953111745,4.055083963003411
6.128022797160567,11.103726118739248,5.145813347335227,10.984137546125156,4.54460099342545
6.081274657839006,11.070085307021523,5.112172535617502,10.781372953111745,4.680083963003411
5.910879256605533,11.070085307021523,5.351349680845683,10.781372953111745,5.1584382534597735
5.543681864773713,11.512027045263116,5.554114273859094,10.934602337443561,5.314937128630913
5.527204732984588,11.440664106992447,5.912879991701366,10.83945175308267,5.793291419087275
5.5354432988791515,11.440664106992447,5.912879991701366,10.815664106992447,5.912879991701366
5.413999857899387,11.512027045263116,6.2716457095436375,10.934602337443561,6.2716457095436375
5.365635986251348,11.559602337443561,6.510822854771819,10.982177629624006,6.510822854771819
5.519499928949695,11.488239399172892,6.869588572614091,10.863239399172892,6.869588572614091
5.39805648796993,11.559602337443561,7.2283542904563625,10.982177629624006,7.2283542904563625
5.85308967250961,11.488239399172892,7.494588572614091,10.863239399172892,7.494588572614091
8.318399652341228,10.781372953111745,2.805083963003411,11.093872953111745,2.492583963003411
8.260780540419802,10.781372953111745,2.805083963003411,11.070085307021522,2.6121725356175016
7.635780540419802,10.781372953111745,3.430083963003411,11.070085307021522,3.2371725356175016
7.010780540419802,10.781372953111745,4.055083963003411,11.070085307021522,3.8621725356175016
6.744784231266005,10.984137546125156,4.54460099342545,11.103726118739246,3.9433886395156734
6.010344582693421,11.579768530052096,4.827731977352388,11.070085307021523,4.487172535617502
5.914250006816748,11.070085307021523,5.112172535617502,11.070085307021523,4.87299539038932
5.527204732984589,11.579768530052096,5.452731977352388,11.070085307021523,5.112172535617502
5.464513223733569,11.579768530052096,5.452731977352388,11.070085307021523,5.351349680845683
5.414428443672541,11.440664106992447,5.912879991701366,11.128164106992447,5.600379991701366
5.351736934421522,11.579768530052096,5.894673715593981,11.137826791810504,5.894673715593981
5.2770416327633205,11.559602337443561,6.510822854771819,11.151301410919693,6.341699073476132
5.301223568587339,11.762826791810504,6.8513822965067055,11.229355922689708,6.630411427385909
5.2126292150993105,11.762826791810504,6.8513822965067055,11.320885053568912,6.8513822965067055
5.3984850737430845,11.488239399172892,6.869588572614091,11.175739399172892,7.182088572614091
5.958215484532766,11.151301410919693,6.919123781295687,11.151301410919693,7.4965484891152405
5.777257672208926,11.800739399172892,4.7362028464731845,11.512027045263116,4.543291419087275
5.393583148587984,12.08945175308267,5.168291419087275,11.579768530052096,4.827731977352388
5.294117822500094,11.800739399172892,5.3612028464731845,11.512027045263116,5.168291419087275
4.9104432988791515,12.08945175308267,5.793291419087275,11.579768530052096,5.452731977352388
4.918681864773713,12.08945175308267,5.793291419087275,11.512027045263116,5.554114273859094
4.9104432988791515,12.065664106992447,5.912879991701366,11.440664106992447,5.912879991701366
4.821420359617968,12.08945175308267,6.2716457095436375,11.512027045263116,6.2716457095436375
4.77305648796993,12.137027045263116,6.510822854771819,11.559602337443561,6.510822854771819
4.894499928949695,12.113239399172892,6.869588572614091,11.488239399172892,6.869588572614091
4.805476989688511,12.137027045263116,7.2283542904563625,11.559602337443561,7.2283542904563625
5.22808967250961,12.113239399172892,7.494588572614091,11.488239399172892,7.494588572614091
6.057092722014987,11.47838623354539,4.943048754321815,11.886687160069258,4.534747827797947
5.330891639336963,12.08945175308267,5.168291419087275,11.800739399172892,4.7362028464731845
5.414428443672541,11.753164106992447,5.600379991701366,11.753164106992447,4.975379991701366
4.847751789628131,12.08945175308267,5.793291419087275,11.800739399172892,5.3612028464731845
4.789428443672541,12.065664106992447,5.912879991701366,11.753164106992447,5.600379991701366
4.773056487969928,12.137027045263116,6.510822854771819,11.728726118739248,6.102521928247952
4.704170730923978,12.177359430480188,6.235233157328867,11.76905850395632,6.404356938624554
4.333807170527191,12.61930116872178,6.510822854771819,12.018088814812002,6.630411427385909
4.708644070305921,12.204768530052096,6.8513822965067055,11.762826791810504,6.8513822965067055
4.7168826362004825,12.137027045263116,7.2283542904563625,11.728726118739248,7.397478071752049
5.372752701680573,11.825177387426091,6.919123781295687,11.825177387426091,7.496548489115241
5.401821714482546,12.378164106992447,4.975379991701366,12.08945175308267,4.543291419087275
5.294117822500093,12.378164106992447,4.975379991701366,12.08945175308267,4.782468564315456
4.776821714482546,12.378164106992447,5.600379991701366,12.08945175308267,5.168291419087275
4.669117822500093,12.378164106992447,5.600379991701366,12.08945175308267,5.407468564315456
4.293681864773713,12.666876460902225,6.032468564315456,12.08945175308267,5.793291419087275
4.2854432988791515,12.666876460902225,6.032468564315456,12.065664106992447,5.912879991701366
4.22884086133655,12.666876460902225,6.2716457095436375,12.08945175308267,6.2716457095436375
4.180476989688511,12.71445175308267,6.510822854771819,12.137027045263116,6.510822854771819
4.269499928949695,12.71445175308267,6.989177145228181,12.113239399172892,6.869588572614091
4.212897491407093,12.71445175308267,7.2283542904563625,12.137027045263116,7.2283542904563625
4.60308967250961,12.425739399172892,7.182088572614091,12.113239399172892,7.494588572614091
5.401821714482546,12.378164106992447,4.975379991701366,12.666876460902223,4.543291419087275
5.294117822500093,12.378164106992447,4.975379991701366,12.666876460902223,4.782468564315456
4.84775178962813,12.378164106992447,5.600379991701366,12.378164106992447,4.975379991701366
4.60979706346029,12.378164106992447,5.600379991701366,12.599134976113243,5.508850860822162
4.22275178962813,12.666876460902225,6.032468564315456,12.378164106992447,5.600379991701366
3.668681864773713,13.24430116872178,6.2716457095436375,12.666876460902225,6.032468564315456
3.636261363055131,13.24430116872178,6.2716457095436375,12.666876460902225,6.2716457095436375
3.6686818647737134,13.24430116872178,6.510822854771819,12.666876460902225,6.510822854771819
4.066684025997638,12.71445175308267,7.2283542904563625,12.425739399172892,7.035442863070453
4.099104527716221,12.71445175308267,6.989177145228181,12.425739399172892,7.182088572614091
3.6461156612761703,13.196725876541334,6.032468564315456,12.68704265351076,6.133850860822162
3.6203179931256746,13.291876460902225,6.510822854771819,12.71445175308267,6.2716457095436375
3.5878974914070927,13.291876460902225,6.510822854771819,12.71445175308267,6.510822854771819
3.652738494844256,13.291876460902225,7.2283542904563625,12.71445175308267,6.989177145228181
3.620317993125674,13.291876460902225,7.2283542904563625,12.71445175308267,7.2283542904563625
4.1726670095671015,13.106966181353837,6.919123781295687,12.867789036125655,7.4965484891152405
3.0920457364217517,13.797938230451111,6.152057136929547,13.196725876541334,6.032468564315456
3.0436818647737125,13.821725876541334,6.2716457095436375,13.24430116872178,6.2716457095436375
2.995317993125674,13.86930116872178,6.510822854771819,13.291876460902225,6.510822854771819
3.509157436140102,13.56284240005815,7.2283542904563625,13.053159177027576,6.887794848721476
3.0277384948442556,13.86930116872178,7.2283542904563625,13.291876460902225,7.2283542904563625
4.14024650784852,13.106966181353837,6.919123781295687,13.106966181353837,7.4965484891152405
2.9550875112856847,13.821725876541334,6.2716457095436375,13.413424950017466,6.102521928247951
2.9568084196986746,13.86930116872178,6.510822854771819,13.359617945691205,6.409440558265113
2.80887404587623,13.990849657837021,6.440769490839324,13.650290216102135,6.508510975628305
3.0194999289496938,13.86930116872178,6.510822854771819,13.359617945691205,6.8513822965067055
2.8923960020346637,14.140267107877705,7.2283542904563625,13.56284240005815,7.2283542904563625
2.475284302316315,14.39915058436089,6.2716457095436375,13.797938230451111,6.152057136929547
2.4511023664922944,14.39915058436089,6.2716457095436375,13.821725876541334,6.2716457095436375
2.4027384948442556,14.446725876541334,6.510822854771819,13.86930116872178,6.510822854771819
2.4752843023163145,14.39915058436089,6.510822854771819,13.889467361330315,6.8513822965067055
2.4351589965628375,14.446725876541334,7.2283542904563625,13.86930116872178,7.2283542904563625
3.076102366492294,13.990849657837021,6.919123781295687,13.75167251260884,7.4965484891152405
2.338326077180247,14.46689206914987,6.170263413036932,14.024950330908277,6.170263413036932
2.362508013004267,14.39915058436089,6.510822854771819,13.990849657837021,6.341699073476132
2.314144141356227,14.446725876541334,6.510822854771819,14.038424950017466,6.6799466360675055
2.1870402144411982,14.649950330908277,6.887794848721476,14.208008592666685,6.887794848721476
2.2998165037532456,14.649950330908277,6.887794848721476,14.140267107877705,7.2283542904563625
3.043681864773712,13.990849657837021,6.919123781295687,13.990849657837021,7.4965484891152405
1.8343409323868574,15.000362938270666,6.391234282157728,14.46689206914987,6.170263413036932
1.858522868210876,15.000362938270666,6.391234282157728,14.39915058436089,6.2716457095436375
1.810158996562837,15.02415058436089,6.510822854771819,14.446725876541334,6.510822854771819
1.8343409323868571,15.02415058436089,6.510822854771819,14.514467361330315,6.8513822965067055
1.8425794982814192,15.02415058436089,7.2283542904563625,14.446725876541334,7.2283542904563625
1.745746578898828,15.09189206914987,6.170263413036932,14.649950330908277,6.170263413036932
1.663945531153383,15.02415058436089,6.510822854771819,14.735438230451111,6.317911427385909
1.745746578898829,15.000362938270666,6.391234282157728,14.687862938270666,6.703734282157728
1.6830550696478088,15.09189206914987,6.887794848721476,14.649950330908277,6.887794848721476
2.129421102519773,14.649950330908277,6.887794848721476,14.717691815697258,7.2283542904563625
1.2417614341054386,15.601575292180444,6.510822854771819,15.09189206914987,6.170263413036932
1.2417614341054393,15.601575292180444,6.510822854771819,15.000362938270666,6.391234282157728
1.2175794982814188,15.601575292180444,6.510822854771819,15.02415058436089,6.510822854771819
1.1790699248544192,15.601575292180444,6.989177145228181,15.09189206914987,6.887794848721476
1.2500000000000009,15.601575292180444,6.989177145228181,15.02415058436089,7.2283542904563625
1.1790699248544174,15.601575292180444,6.510822854771819,15.312862938270666,6.078734282157728
1.01204527383216,15.601575292180444,6.510822854771819,15.601575292180444,6.2716457095436375
0.6250000000000004,16.179,6.75,15.601575292180444,6.510822854771819
0.6250000000000004,16.179,6.75,15.601575292180444,6.989177145228181
1.1790699248544179,15.601575292180444,6.989177145228181,15.312862938270666,7.421265717842272
1.3477825131556258,15.625362938270666,6.391234282157728,15.71689206914987,6.170263413036932
0.9607372393234661,15.601575292180444,6.510822854771819,15.625362938270666,6.391234282157728
1.2964744786469335,15.625362938270666,6.391234282157728,15.64915058436089,6.510822854771819
0.9607372393234667,15.601575292180444,6.989177145228181,15.625362938270666,7.108765717842272
1.296474478646934,15.625362938270666,7.108765717842272,15.64915058436089,7.2283542904563625
1.4647223841168557,15.625362938270666,6.391234282157728,15.937862938270666,6.078734282157728
1.5160304186255502,15.601575292180444,6.2716457095436375,16.009876218704314,6.440769490839324
0.0,16.179,6.75,16.179,6.75
1.4647223841168562,15.625362938270666,7.108765717842272,15.937862938270666,7.421265717842272
