-5.172494175714198,-2.597036579268221
-5.172494175714199,-2.485036579268221
-5.006317855703116,-2.5662951038636512
-5.006317855703116,-2.4822951038636516
-5.0940941757142,-2.3852365983014554
-4.849517855703116,-2.4186232301872934
-4.849517855703116,-2.3906232301872934
-4.849517855703116,-2.278623230187293
-4.8588941757142,-2.1952418938401066
-4.712448537047303,-2.221660845568166
-4.712448537047303,-2.193660845568166
-4.712448537047303,-2.0816608455681664
-4.675412060429396,-2.336620456517047
-4.675412060429396,-2.2806204565170476
-4.675412060429396,-2.196620456517047
-4.555648537047303,-2.0682661154065425
-4.555648537047304,-1.9842661154065424
-4.576053204878664,-1.8981122574960052
-4.440212060429397,-2.1049447192753665
-4.440212060429396,-2.0769447192753674
-4.497653204878666,-1.9324030308905331
-4.497653204878666,-1.8764030308905333
-4.497653204878666,-1.7924030308905337
-4.351173739298349,-1.9613944579819589
-4.351173739298349,-1.8773944579819588
-4.326331019730841,-1.7977419169244122
-4.369229640028933,-1.67501971410152
-4.369229640028933,-1.59101971410152
-4.209948331568205,-1.7057039402403813
-4.209948331568206,-1.677703940240381
-4.209948331568206,-1.593703940240381
-4.130841949032497,-1.7728615607703506
-4.130841949032496,-1.6888615607703503
-4.036418667835166,-1.4497591534938477
-4.055629640028932,-1.3561084675734232
-4.055629640028933,-1.272108467573423
-3.974041949032497,-1.6107841719977651
-3.9837870847622368,-1.5047762019155324
-3.9837870847622368,-1.4767762019155324
-3.9837870847622368,-1.3927762019155323
-3.8125188298915926,-2.0478200296822706
-3.8125188298915917,-1.991820029682271
-3.825861760894436,-1.1611074201829297
-3.825861760894436,-1.07710742018293
-3.7341188298915906,-1.9649842345566086
-3.7341188298915906,-1.8809842345566086
-3.726572426320616,-1.3784194316906744
-3.748587084762236,-1.2591613839081153
-3.748587084762236,-1.1751613839081156
-3.605656641122838,-2.0606094854764483
-3.605656641122839,-1.9766094854764487
-3.6368524937723494,-1.8615930744045919
-3.6368524937723494,-1.7775930744045914
-3.606581526508027,-1.2552808992227564
-3.606581526508027,-1.1992808992227566
-3.662889015685769,-0.900312503885526
-3.662889015685769,-0.872312503885526
-3.6628890156857685,-0.7883125038855258
-3.527256641122837,-1.9772654961945508
-3.5272566411228374,-1.8932654961945508
-3.5864249300731377,-1.7748309390538133
-3.545357170176892,-1.3952075363471592
-3.5453571701768913,-1.2832075363471591
-3.553440787324514,-1.1165966472391522
-3.5534407873245133,-1.0885966472391524
-3.5534407873245137,-0.9765966472391526
-3.579044376554971,-0.8803813144305701
-3.579044376554971,-0.79638131443057
-3.5006443765549706,-0.6852814242128341
-3.4989188298915943,-1.7158760581887107
-3.4016524937723505,-1.611600438169288
-3.4016524937723505,-1.5836004381692879
-3.4016524937723505,-1.4996004381692876
-3.478301029679714,-0.6485423714529766
-3.478301029679714,-0.5925423714529765
-3.351224930073138,-1.6365558199620724
-3.3199297993792034,-1.5248237786023955
-3.3199297993792034,-1.4968237786023955
-3.3199297993792034,-1.3848237786023954
-3.3015616986249343,-1.1230488973873847
-3.3150471742695538,-1.0726304652994354
-3.3012888485063945,-0.9107218383040437
-3.3182407873245134,-0.8668684656560277
-3.318240787324514,-0.7828684656560274
-3.3322899461362203,-0.6824282108877238
-3.3215010296797125,-0.4819312197700139
-3.321501029679713,-0.3979312197700138
-3.2761980236298553,-1.6051332447296263
-3.23979091491799,-1.5104436033127737
-3.2397909149179895,-1.4824436033127733
-3.23979091491799,-1.398443603312773
-3.202307002873801,-1.2999803386026842
-3.2252181674964584,-1.1924742055320834
-3.2630544057202338,-1.0434327502177396
-3.263054405720234,-0.9874327502177396
-3.2596805427859814,-0.6379927026134542
-3.259680542785982,-0.5819927026134544
-3.259680542785982,-0.49799270261345435
-3.2345377175362424,-0.3799289021879928
-3.2967410743995718,-0.27935288388923163
-3.1953917135670347,-1.304574866260737
-3.1953917135670347,-1.276574866260737
-3.195391713567035,-1.1925748662607374
-3.107338381672343,-1.0030553180768647
-3.107338381672343,-0.9750553180768655
-3.107338381672343,-0.8910553180768646
-3.15673182996146,-0.7854728456812493
-3.15673182996146,-0.673472845681249
-3.1106329798112315,-0.5898324197250836
-3.119216789554359,-0.4739991022050647
-3.08299091491799,-1.3448026998755043
-3.08299091491799,-1.2888026998755042
-3.077935598891075,-1.1420390914760699
-3.0779355988910755,-1.0860390914760698
-3.028938381672343,-0.9354003257409895
-3.0540459328095424,-0.8608992624569083
-3.0540459328095424,-0.7768992624569073
-3.0189395976474938,-0.3437573404128736
-3.0189395976474933,-0.2877573404128736
-2.9625980236298544,-1.278066847012565
-2.9625980236298544,-1.1940668470125653
-2.9343405016790025,-1.0860638862464704
-2.9842857740988857,-0.9151344923528335
-2.9081975561420563,-0.8601755616247103
-2.9081975561420563,-0.7761755616247099
-2.9999318299614597,-0.6187811975574037
-2.953832979811231,-0.5072404582252961
-2.953832979811231,-0.47924045822529604
-2.9538329798112306,-0.39524045822529574
-2.999337717536242,-0.2416739114010501
-2.999337717536242,-0.1856739114010501
-2.8577578335772507,-1.03537315425175
-2.8577578335772507,-0.9793731542517499
-2.8427355988910747,-0.893620091421292
-2.8427355988910747,-0.7816200914212917
-2.8210849058480587,-0.6836804018792118
-2.8210849058480587,-0.5996804018792112
-2.8613730551549956,-0.49210203002615416
-2.8822943457312222,-0.36108407471564097
-2.8822943457312222,-0.2770840747156409
-2.735988776152725,-0.9137613497057535
-2.7009578335772515,-0.8754336799436258
-2.750843037879417,-0.7699012509677078
-2.7508430378794175,-0.6859012509677072
-2.7500703672482514,-0.5727931812777132
-2.7647318299614616,-0.3691793600802833
-2.764731829961461,-0.2851793600802829
-2.7023716729300484,-0.17511869461299845
-2.702371672930049,-0.09111869461299815
-2.783739597647492,0.01765300477460141
-2.6319462293210556,-0.7496099154145055
-2.6050954197309135,-0.6488882007667893
-2.6050954197309135,-0.592888200766789
-2.66428490584806,-0.4912936720510095
-2.6287825993919767,-0.3987061130977765
-2.626173055154993,-0.2725874598186827
-2.626173055154993,-0.18858745981868252
-2.6081559376395123,-0.07447469979050902
-2.6081559376395123,0.009525300209491272
-2.5920282203294964,-1.1121735101363024
-2.5136282203294993,-1.078198371102465
-2.5112735199770726,-0.9167058564526351
-2.5713531208268336,-0.8623272721207202
-2.5660528434280487,-0.7329149629807235
-2.5660528434280483,-0.6769149629807232
-2.566052843428049,-0.5929149629807233
-2.5634124547605337,-0.4958071685454253
-2.5539805433014666,-0.3776941858506745
-2.553980543301467,-0.29369418585067475
-2.5667191337167994,-0.06571454442056934
-2.5667191337167994,0.01828545557943073
-2.559064664460147,0.12298406602372225
-2.5443535193528235,0.20192523498389914
-2.5504080188768765,0.3168040080612877
-2.494165979224656,-0.6296235102147626
-2.495197586522187,-0.5532228703354323
-2.475526553776496,-0.4276659567194949
-2.475526553776496,-0.39966595671949534
-2.475526553776496,-0.28766595671949524
-2.4990832691864484,-0.19955987416414356
-2.499083269186448,-0.08755987416414335
-2.4883191337168005,0.015803072476841207
-2.488319133716801,0.12780307247684164
-2.389879764062257,-0.9927121166193267
-2.3898797640622558,-0.880712116619327
-2.3792258096327044,-0.7578354509715988
-2.3792258096327035,-0.673835450971598
-2.3260010951455623,-0.5303780866690395
-2.3260010951455623,-0.47437808666903947
-2.3260010951455623,-0.39037808666903917
-2.39802211560457,-0.2834434640253336
-2.329941847555097,-0.11506612893089874
-2.329941847555097,-0.08706612893089849
-2.329941847555097,0.02493387106910183
-2.314885440756518,0.11006438334212831
-2.314885440756518,0.22206438334212808
-2.323864664460148,0.3122277022265316
-2.309153519352823,0.41912950677507466
-2.315208018876877,0.5062332466733476
-2.3569665682454537,0.6081889104905704
-2.23991499507164,-1.6023465126743746
-2.239914995071639,-1.5743465126743748
-2.2399149950716404,-1.4903465126743747
-2.281069691926305,-1.1624670593216044
-2.281069691926306,-1.078467059321605
-2.2121431649649614,-0.9696898967318375
-2.212143164964962,-0.8856898967318381
-2.2224258096327034,-0.6841800919759424
-2.222425809632704,-0.5721800919759426
-2.2914954197309125,-0.472648359883193
-2.2914954197309125,-0.38864835988319313
-2.256852102061348,-0.29505473425951134
-2.256852102061348,-0.18305473425951102
-2.219997361585822,-0.09994098001923213
-2.2515418475550986,0.02008950266237619
-2.2515418475550986,0.10408950266237649
-2.2961618380469018,0.20448840574957172
-2.2500448939645645,0.36309480189128585
-2.2500448939645645,0.4190948018912858
-2.223865423624287,0.5006707565845092
-2.2238654236242867,0.6126707565845089
-2.1678488691468774,-1.5581857043613203
-2.1678488691468774,-1.4741857043613205
-2.1686082958094683,-1.3639756883178382
-2.1722229327325087,-1.2593099305129725
-2.172222932732508,-1.1753099305129728
-2.1357316711623637,-1.0729975978284365
-2.135731671162363,-0.9889975978284367
-2.146244170772206,-0.6544777702218085
-2.1462441707722064,-0.5984777702218076
-2.150203787535582,-0.49141515663325097
-2.161926553776497,-0.21050430154479616
-2.1619265537764965,-0.18250430154479547
-2.1619265537764965,-0.09850430154479661
-2.1815433572483203,0.08055149137538964
-2.18154335724832,0.10855149137538966
-2.1815433572483203,0.22055149137538965
-2.1747191337167995,0.3397504445313695
-2.1747191337167995,0.4237504445313699
-2.0904943195100083,-1.7562729789506981
-2.033080572268967,-1.6660569361230302
-2.033080572268967,-1.5820569361230303
-2.0568446961831635,-1.4231173550452494
-2.0568446961831635,-1.3951173550452494
-2.0743786113771914,-1.2599280668177035
-2.074378611377192,-1.175928066817703
-2.0553431649649605,-0.9055898442233186
-2.0553431649649605,-0.8775898442233174
-2.0848446202150726,-0.714602201826511
-2.084844620215073,-0.6866022018265114
-2.0848446202150734,-0.5746022018265122
-2.0124010951455618,-0.36624918304463083
-2.0124010951455613,-0.28224918304463076
-2.0916112391985413,-0.15982282862282793
-2.0916112391985413,-0.0758228286228283
-2.013211239198543,0.004207445012884059
-2.084743076600904,0.13673869138562134
-2.084743076600904,0.22073869138562152
-2.079685440756518,0.32029239136952914
-2.079685440756518,0.4042923913695292
-2.009653088035243,0.5272970304078707
-2.0768948560407674,0.6734410786368841
-2.0768948560407674,0.7014410786368841
-2.0768948560407674,0.8134410786368844
-1.9714526005542714,-1.5636241744513366
-1.9714526005542714,-1.4796241744513363
-1.9278872935115743,-0.7082845817091292
-1.998579676667998,-0.6284665864285384
-1.9985796766679975,-0.572466586428537
-1.998579676667997,-0.4884665864285378
-1.9371835089484457,-0.312701302272403
-1.937183508948446,-0.2847013022724032
-1.9371835089484457,-0.1727013022724031
-1.9941237836647459,-0.07340687632744047
-1.9941237836647454,0.010593123672559268
-1.9444347338622952,0.10100162917952638
-1.9511496585356185,0.20721333886151205
-1.9511496585356187,0.31921333886151226
-1.9379418475550998,0.417694923001802
-1.936444893964564,0.6810987867499614
-1.9886654236242867,0.7384821374179816
-1.9886654236242862,0.8224821374179814
-1.8013018851249578,-1.6389778743892949
-1.8013018851249578,-1.5829778743892946
-1.8013018851249578,-1.4989778743892948
-1.8045537735827983,-1.3699566484562988
-1.8045537735827981,-1.2859566484562988
-1.839178611377191,-1.1721147230387978
-1.8391786113771913,-1.0881147230387977
-1.8062949579655838,-0.9921831582437202
-1.8221316711623634,-0.8951911640193553
-1.8201431649649615,-0.783314969976858
-1.8494872935115727,-0.6756074364899881
-1.849487293511573,-0.5916074364899884
-1.83660378753558,-0.3981330667387212
-1.87124305539029,-0.20996999802472804
-1.8007789091524067,-0.12510137931061893
-1.8007789091524067,-0.09710137931061891
-1.8007789091524065,0.01489862068938086
-1.824709445044775,0.1561501192659288
-1.8535682844781753,0.2395942633012167
-1.8535682844781753,0.32359426330121677
-1.8781185012329162,0.6797030699982712
-1.878118501232916,0.7077030699982709
-1.878118501232916,0.8197030699982708
-1.7768943195100089,-1.641854908685101
-1.785898784285365,-1.5018957321358728
-1.7858987842853653,-1.4738957321358728
-1.726153773582799,-1.3413717677342523
-1.726153773582798,-1.2853717677342522
-1.762024845869304,-0.7777319347721986
-1.7620248458693035,-0.6937319347721981
-1.763379676667996,-0.5261752721858977
-1.7633796766679959,-0.49817527218589797
-1.7633796766679966,-0.38617527218589753
-1.7395101219934594,-0.25853197460973176
-1.7395101219934592,-0.17453197460973158
-1.7223789091524062,-0.08255672998286268
-1.7223789091524067,0.001443270017137177
-1.7780112391985414,0.10111722048431449
-1.734625424031646,0.21950767149405173
-1.7346254240316459,0.3035076714940519
-1.7159496585356193,0.4296230684966209
-1.7159496585356193,0.5136230684966206
-1.7371643263492915,0.6223502638884664
-1.7371643263492915,0.7063502638884668
-1.7409274683572926,0.8247823188350437
-1.7497529551741169,0.9908458005415507
-1.7497529551741167,1.018845800541551
-1.7497529551741167,1.1028458005415511
-1.6513318870093305,-2.0236773878924534
-1.6513318870093308,-1.995677387892453
-1.6513318870093308,-1.8836773878924526
-1.664362592347333,-1.7740900401596567
-1.6244703870771369,-1.2509399249908704
-1.6244703870771369,-1.1949399249908705
-1.6836248458693042,-0.7469372990257399
-1.6836248458693044,-0.6909372990257396
-1.662740662454426,-0.44255855282619533
-1.662740662454426,-0.3865585528261961
-1.6157345773430942,-0.28366459554427126
-1.6859712974177348,-0.12850508826495632
-1.6360430553902896,-0.08695606804967615
-1.6360430553902896,0.025043931950323395
-1.6155556958158717,0.29694321730933965
-1.6155556958158717,0.32494321730933967
-1.6155556958158717,0.40894321730934036
-1.6927430766009015,0.5168909782747274
-1.6927430766009017,0.6008909782747278
-1.6960530880352427,0.7499817793028386
-1.696053088035243,0.8059817793028388
-1.6549614606907708,1.0466309022435651
-1.6549614606907708,1.102630902243565
-1.6517437405558657,1.2004663225061258
-1.5048408257407244,-1.8937331483663555
-1.504840825740724,-1.7817331483663552
-1.566101885124957,-1.5526036785418964
-1.5661018851249573,-1.4966036785418966
-1.5611937534527573,-1.3803764596470276
-1.5710949579655824,-1.0453262775653647
-1.5710949579655824,-0.9893262775653644
-1.5691957746116971,-0.8750722950758091
-1.5358872935115728,-0.5475960595733074
-1.5358872935115728,-0.49159605957330743
-1.5921492074069572,-0.3567039100216768
-1.5921492074069572,-0.27270391002167654
-1.5054080820043256,0.01723548066342573
-1.5576489578225214,0.10203031515119287
-1.5576489578225217,0.2140303151511933
-1.5008535525418742,0.34990749213954647
-1.5008535525418742,0.40590749213954647
-1.589509445044775,0.5026840897670971
-1.5464069902305366,0.6594074428344847
-1.5464069902305366,0.7154074428344848
-1.5019643263492903,0.8133707518126294
-1.5019643263492903,0.9253707518126295
-1.4161318870093307,-1.9316158548968
-1.4484034317058736,-1.8811573289796697
-1.4484034317058732,-1.7971573289796694
-1.4043937534527575,-1.4066712772739958
-1.4043937534527575,-1.3786712772739955
-1.490953773582798,-1.2556795361932833
-1.4909537735827976,-1.1996795361932837
-1.4421914931656725,-1.084359204249393
-1.4034108793398519,-0.9771441606458251
-1.403410879339852,-0.8931441606458252
-1.4484248458693028,-0.655760536401658
-1.448424845869303,-0.599760536401658
-1.4871789091524057,0.0423021778125201
-1.4871789091524061,0.12630217781252062
-1.4877208997636853,0.2677918918045684
-1.4877208997636857,0.32379189180456874
-1.421025424031645,0.4670691907934673
-1.4210254240316447,0.5230691907934674
-1.421025424031645,0.6070691907934674
-1.4044620618566694,0.7059788246596723
-1.4044620618566697,0.8179788246596724
-1.4273274683572925,0.9794133701973582
-1.4273274683572925,1.0074133701973575
-1.4273274683572927,1.119413370197358
-1.4986042547290754,1.2099797664416625
-1.4626843139922427,1.3336468012493121
-1.4626843139922427,1.4176468012493122
-1.3099364437217897,-2.2710929324460194
-1.3099364437217893,-2.1870929324460198
-1.3488612800974455,-1.9843528490474736
-1.3488612800974455,-1.8723528490474737
-1.3205416874491422,-1.7312282088496722
-1.3205416874491425,-1.6752282088496722
-1.3020335873238789,-1.5693304581027678
-1.302033587323879,-1.4853304581027682
-1.318868318174178,-1.2282496651987431
-1.3637914931656734,-1.1677788266007305
-1.3637914931656736,-1.0837788266007307
-1.3339957746116957,-0.9005787177069673
-1.3339957746116957,-0.8725787177069672
-1.333995774611696,-0.7885787177069672
-1.3789424198242344,-0.5697816481599761
-1.3789424198242342,-0.4857816481599759
-1.3569492074069578,-0.25546032906435334
-1.356949207406958,-0.19946032906435324
-1.3604683742549795,-0.08987641868653157
-1.3662137817321574,0.27059768283936314
-1.366213781732157,0.32659768283936325
-1.3662137817321571,0.41059768283936326
-1.3328306034518445,0.5126798507636205
-1.3126173547305466,0.6603329442461934
-1.3126173547305469,0.7163329442461933
-1.3126173547305469,0.8003329442461934
-1.3271007636778247,0.9122193744442932
-1.3271007636778247,1.0242193744442933
-1.30140086952262,1.1157871082027715
-1.3639358263749373,1.214883278230757
-1.2442928210156678,-1.4976458433549489
-1.2442928210156674,-1.3856458433549488
-1.2857078196860086,-0.5113288771069099
-1.2857078196860088,-0.48332887710691014
-1.2857078196860081,-0.39932887710691006
-1.2707406624544253,-0.27765718564351743
-1.2038787781049602,-0.13816829119659169
-1.2038787781049596,-0.08216829119659158
-1.2038787781049598,0.0018317088034086049
-1.2624109715697656,0.19708225140317454
-1.2624109715697656,0.22508225140317478
-1.2624109715697656,0.30908225140317414
-1.2525208997636854,0.4140158701143508
-1.2525208997636854,0.5260158701143512
-1.264318850172039,0.7580086803007307
-1.2097580862488548,0.8521841486386227
-1.2097580862488548,0.9081841486386228
-1.2441422488732128,1.0064867462469362
-1.2462548938636746,1.2532921243999227
-1.2462548938636746,1.3092921243999223
-1.2177862212611552,1.4018271805787932
-1.1989535676896492,-2.1199788662885357
-1.1989535676896492,-2.0919788662885352
-1.1989535676896492,-1.9799788662885347
-1.1683071946338144,-1.835514541733275
-1.1348034317058726,-1.7561544648422847
-1.1348034317058722,-1.6721544648422844
-1.1106373835943335,-1.5160711546259231
-1.1106373835943337,-1.4880711546259229
-1.1106373835943333,-1.376071154625923
-1.129895254016136,-0.9950073669008999
-1.1298952540161358,-0.8830073669008995
-1.128907819686008,-0.45120714516911786
-1.128907819686008,-0.39520714516911803
-1.120536766917379,-0.054344924933762695
-1.1205367669173791,0.0016550750662374658
-1.1918080820043255,0.17586515939422354
-1.1840109715697649,0.2373772941039778
-1.184010971569765,0.32137729410397736
-1.1310137817321568,0.4042513126941697
-1.1310137817321568,0.5162513126941698
-1.1516983026065704,0.6002470534305435
-1.1516983026065706,0.7122470534305436
-1.159124218459474,0.8009586248636207
-1.119723881812364,1.0649016288681843
-1.1197238818123643,1.1209016288681843
-1.119723881812364,1.2049016288681837
-1.1379141267951323,1.3040718252729302
-1.1379141267951325,1.4160718252729303
-1.1850042547290758,1.526436424545036
-1.152143829979552,1.6009541411874806
-1.0385439543668085,-2.1627276813375436
-1.0385439543668085,-2.0787276813375435
-1.0069416874491424,-1.6069095127033817
-1.0069416874491424,-1.5789095127033819
-1.056825918975417,-1.4954102399754339
-1.0463770584123215,-1.3298323766307596
-1.0463770584123218,-1.2738323766307595
-1.046377058412322,-1.1898323766307597
-1.050191493165672,-1.0530945171227193
-1.0501914931656717,-0.9970945171227191
-1.0068891381920402,-0.46746904135518064
-1.0507802162519337,-0.34022312286512113
-1.050780216251934,-0.28422312286512086
-1.0974050119809662,-0.18641243047423658
-1.0190050119809662,-0.0992063954403915
-1.0185135719868144,0.4939933641192724
-1.0185135719868144,0.5219933641192718
-1.0185135719868144,0.6059933641192725
-1.077417354730546,0.8428735983199035
-1.0774173547305461,0.9268735983199032
-1.0413238818123638,1.1292135793702043
-1.0413238818123638,1.2132135793702048
-1.0662008695226195,1.3192404938431634
-1.0772280763152726,1.4985015704673266
-1.0772280763152726,1.5265015704673266
-1.0772280763152726,1.610501570467327
-0.9315726986022606,-2.377515338288579
-0.9315726986022606,-2.2935153382885796
-0.9861404836834309,-2.0550103655952343
-0.986140483683431,-1.9990103655952345
-0.922324438708764,-1.8185338834834803
-0.9223244387087641,-1.7905338834834803
-0.9223244387087641,-1.6785338834834802
-0.9510590241771001,-1.5874154153667632
-0.9884335873238785,-1.4480734997409823
-0.9884335873238786,-1.3920734997409827
-0.959602568609928,-1.1268492289889287
-0.9596025686099278,-1.0988492289889287
-0.9420042323662446,-0.9992786785654169
-0.9420042323662443,-0.8872786785654166
-0.9022415625001767,-0.6574862084623155
-0.9022415625001767,-0.5734862084623153
-0.9186515561699908,0.07005032941297537
-0.9186515561699908,0.12605032941297548
-0.9186515561699907,0.2100503294129752
-0.9709397338090919,0.3141885106668294
-0.9030134441271553,0.4707480903932551
-0.9030134441271553,0.5267480903932551
-0.9030134441271552,0.6107480903932545
-0.9310760556856441,0.7535018430266083
-0.931076055685644,0.8095018430266083
-0.9727310755240466,0.9096866944233226
-0.9745580862488539,1.0398805490194658
-0.974558086248854,1.1238805490194663
-0.9671956563002768,1.2028694732001448
-0.9027141267951322,1.4752753110612624
-0.9904165102182277,1.506974472200569
-0.9904165102182276,1.618974472200569
-0.9204280763152729,1.7161482541210062
-0.8531726986022603,-2.337870854302488
-0.8473701317078756,-2.2438377710283595
-0.8473701317078755,-2.18783777102836
-0.8817439543668084,-2.0893458953255077
-0.8817439543668085,-1.977345895325508
-0.8806862290651349,-1.8056494423271716
-0.8806862290651349,-1.7776494423271711
-0.8806862290651349,-1.6936494423271709
-0.8111770584123212,-1.2393305106935855
-0.8111770584123212,-1.1833305106935859
-0.8111770584123212,-1.099330510693586
-0.8946952540161361,-0.9089831076506549
-0.8946952540161363,-0.8809831076506549
-0.894695254016136,-0.7969831076506548
-0.8155802162519336,-0.2502916508979246
-0.8155802162519337,-0.19429165089792452
-0.8841617416614709,0.16558241472249746
-0.8841617416614709,0.2215824147224975
-0.884161741661471,0.3055824147224974
-0.8946720318238478,0.5908452220753164
-0.8946720318238477,0.6188452220753164
-0.8946720318238478,0.7028452220753163
-0.8159310755240466,0.9017225164914073
-0.8159310755240465,1.0137225164914074
-0.8549163932770119,1.1156810387210492
-0.8778668071743103,1.2179250134772335
-0.8778668071743103,1.301925013477233
-0.8318470891819656,1.4092517158644373
-0.8318470891819655,1.5212517158644379
-0.8734555400962198,1.6079428490572247
-0.8425881414450385,1.7250618089277978
-0.8425881414450386,1.8090618089277979
-0.7509404836834306,-1.9454344502545042
-0.7790144376094716,-1.8834615145271727
-0.7790144376094716,-1.7994615145271726
-0.756683181556123,-1.6030649282897393
-0.7566831815561231,-1.5750649282897393
-0.7725580385151644,-1.456364925292742
-0.7725580385151646,-1.3723649252927421
-0.7432259189754168,-1.2863416790313509
-0.7100898383507108,-0.7180945167808912
-0.7100898383507109,-0.6900945167808913
-0.7352374128939634,-0.513416150510627
-0.7352374128939635,-0.48541615051062703
-0.7352374128939639,-0.373416150510627
-0.7878434469788262,-0.21403349261163487
-0.787843446978826,-0.18603349261163485
-0.7960813633648355,-0.009605157726042368
-0.7960813633648354,0.018394842273957657
-0.7960813633648353,0.1023948422739578
-0.7273617416614708,0.23365289444968795
-0.7273617416614708,0.317652894449688
-0.7269189025061145,0.436046499356801
-0.7269189025061144,0.5200464993568008
-0.7833135719868136,0.6231305342705851
-0.7833135719868134,0.7071305342705851
-0.7746376371980063,0.864532563054659
-0.7746376371980063,0.9205325630546589
-0.7746376371980062,1.0045325630546595
-0.7277238818123634,1.3812913142974903
-0.7277238818123635,1.4092913142974903
-0.7277238818123636,1.5212913142974904
-0.7552165102182272,1.7021667633582553
-0.7552165102182271,1.8141667633582554
-0.6104629196396916,-2.1669484742556593
-0.6192711235862789,-2.0256054315445478
-0.6192711235862789,-1.9976054315445477
-0.6192711235862789,-1.8856054315445472
-0.645486229065134,-1.6997616480182072
-0.6454862290651336,-1.5877616480182075
-0.6782831815561229,-1.4848728141427203
-0.6941030311702981,-1.2708814565984479
-0.694103031170298,-1.1868814565984478
-0.6460025686099283,-1.0086268813994028
-0.6460025686099282,-0.9806268813994025
-0.6460025686099281,-0.8966268813994027
-0.6359392869717281,-0.7310207585917765
-0.6359392869717282,-0.6750207585917766
-0.635939286971728,-0.5910207585917764
-0.6666456380252918,-0.31506567371000627
-0.6666456380252916,-0.28706567371000646
-0.6666456380252915,-0.17506567371000617
-0.6485189025061144,0.4727257464811906
-0.6485189025061144,0.5007257464811903
-0.6485189025061145,0.6127257464811906
-0.6178376371980062,0.9602389325086936
-0.6178376371980063,1.0162389325086938
-0.6178376371980063,1.1002389325086939
-0.6981163932770117,1.2246849072809525
-0.601372717762683,1.3010382936724805
-0.6970115846136794,1.4041076718444012
-0.6970115846136796,1.5161076718444015
-0.6750563289977707,1.6023379672997229
-0.6382555400962209,1.7127273536718395
-0.6382555400962209,1.8247273536718394
-0.5320629196396903,-2.124600989017826
-0.5320629196396902,-2.0966009890178263
-0.5938620237552892,-1.9178450017004576
-0.593862023755289,-1.8898450017004578
-0.5938620237552891,-1.7778450017004572
-0.5264926686314924,-1.6603887789852982
-0.5264926686314925,-1.5763887789852982
-0.5289062643213516,-1.4417964916876282
-0.5289062643213513,-1.3857964916876282
-0.5549191585565802,-0.8783083733233279
-0.5549191585565802,-0.7943083733233277
-0.5886415625001762,-0.5432135542774981
-0.5000374128939633,-0.42767906668621913
-0.5000374128939632,-0.39967906668621916
-0.5882456380252914,-0.28616601705767275
-0.5882456380252915,-0.17416601705767262
-0.578939733809092,0.3776363890135588
-0.5789397338090921,0.4056363890135588
-0.5430737130909653,0.5669104071404354
-0.5430737130909653,0.6229104071404354
-0.5430737130909653,0.7069104071404357
-0.5213513699634861,0.8088175451970714
-0.5026720318238477,0.914086422592977
-0.5057556761240058,1.0480833653861463
-0.505755676124006,1.1040833653861464
-0.5493798820314946,1.2933372067935438
-0.5493798820314946,1.3213372067935436
-0.5493798820314946,1.405337206793544
-0.5584368813778879,1.5074352188115203
-0.5584368813778878,1.6194352188115195
-0.5354881348868844,1.7020154605684978
-0.5354881348868845,1.814015460568498
-0.5289881414450385,1.9496320835778467
-0.5289881414450386,2.0056320835778467
-0.4904805098964833,-2.368125398680683
-0.4904805098964832,-2.2841253986806835
-0.4455798233539281,-2.046688328413034
-0.44557982335392804,-1.9906883284130346
-0.4624711235862785,-1.8878439054194798
-0.44560493123280615,-1.6739165619023484
-0.44560493123280615,-1.5899165619023485
-0.45050626432135227,-1.4070127790119273
-0.4505062643213523,-1.3790127790119282
-0.45050626432135227,-1.2950127790119275
-0.47424344697882603,-0.09593564954383377
-0.47424344697882626,0.016064350456166207
-0.4824813633648351,0.11443858385000125
-0.48248136336483516,0.22643858385000135
-0.49083326945016303,0.7746183176222194
-0.4124332694501629,0.8141671330267972
-0.4124332694501629,0.9261671330267972
-0.4122921728520397,1.0883832450233477
-0.4122921728520398,1.1163832450233482
-0.4122921728520398,1.2003832450233478
-0.42374556076176584,1.3073548246594255
-0.4398563289977706,1.6653795333016412
-0.43985632899777066,1.7213795333016415
-0.43985632899777083,1.805379533301641
-0.36805013159092775,-2.2772231860596177
-0.3680501315909278,-2.1932231860596163
-0.3094011158772496,-1.9810794221953278
-0.3094011158772498,-1.8970794221953275
-0.3586620237552891,-1.7972298943131126
-0.36653388227665945,-1.6872905337032502
-0.3665338822766594,-1.5752905337032501
-0.3646831815561218,-1.4287167041111122
-0.364683181556122,-1.3727167041111126
-0.36468318155612195,-1.2887167041111125
-0.38050303117029866,-1.142789817843267
-0.3805030311702986,-1.086789817843267
-0.3981191585565803,-0.8187309944006039
-0.3981191585565805,-0.7907309944006037
-0.32233928697172787,-0.6150363958149045
-0.32233928697172787,-0.5870363958149047
-0.3223392869717279,-0.4750363958149048
-0.35304563802529165,-0.19989982190457445
-0.3530456380252917,-0.08789982190457435
-0.3920633307875203,0.32264904986428966
-0.3920633307875203,0.4066490498642898
-0.39362756799939064,0.8617788692256878
-0.3936275679993907,0.917778869225688
-0.3936275679993907,1.0017788692256882
-0.314179882031494,1.449637446062114
-0.31417988203149405,1.5056374460621147
-0.3232368813778873,1.6458528375207246
-0.3232368813778873,1.701852837520724
-0.3404803011206066,1.8137845012927494
-0.3404803011206066,1.9257845012927493
-0.36470398354476274,2.0078929803015617
-0.2416300162308345,-2.395822377026117
-0.25554221173875413,-2.2551620306502995
-0.24027560106533644,-2.106415174669727
-0.25674858950374957,-2.015933732921378
-0.2184629196396909,-1.9504701878611275
-0.21846291963969083,-1.8944701878611276
-0.2272711235862772,-1.7897793280835128
-0.2881338822766607,-1.6471417725010906
-0.28813388227666087,-1.59114177250109
-0.22290563770227756,-1.492584754644147
-0.22290563770227745,-1.3805847546441465
-0.21976274377694277,-1.211895916421069
-0.21976274377694285,-1.183895916421069
-0.21976274377694266,-1.0998959164210689
-0.272492162723054,-0.9990469639087038
-0.27249216272305404,-0.8870469639087037
-0.2735605295550712,-0.5552566143651703
-0.2735605295550712,-0.4992566143651701
-0.29611365422334623,-0.00735352018071434
-0.2961136542233463,0.020646479819285753
-0.2961136542233463,0.10464647981928576
-0.25902114746154936,0.48553322417926714
-0.2590211474615494,0.5135332241792671
-0.2590211474615494,0.6255332241792675
-0.2294737130909652,0.7105730876002154
-0.2077513699634853,0.8186320083200114
-0.20775136996348537,0.9026320083200113
-0.2554921728520397,1.1774161890242105
-0.2554921728520396,1.2054161890242105
-0.2554921728520397,1.3174161890242106
-0.23419205477179472,1.4768731355442286
-0.2192912135131667,1.5674802923642186
-0.21929121351316683,1.623480292364219
-0.21929121351316666,1.7074802923642185
-0.24278329845488206,1.8127130113524612
-0.195479924848086,-2.2779254524844066
-0.19547992484808607,-2.1939254524844065
-0.16497851777263633,-1.9421806469677394
-0.1649785177726363,-1.8861806469677393
-0.1656178616091979,-1.7723400862824574
-0.1369062643213517,-1.2643472832445675
-0.13690626432135175,-1.1803472832445676
-0.19403550052686785,-0.5825570544034719
-0.11676052955507121,-0.4967759543858652
-0.11676052955507124,-0.38477595438586526
-0.17760919951397391,-0.031739226288967394
-0.17760919951397391,0.02426077371103258
-0.17760919951397391,0.10826077371103256
-0.11843947044492871,0.2680611490247403
-0.11843947044492874,0.3240611490247404
-0.11843947044492872,0.40806114902474033
-0.1288005434739144,0.8941708098499916
-0.12880054347391448,0.9221708098499917
-0.1288005434739145,1.0061708098499915
-0.1396927921318248,1.1117643976661875
-0.1331382067541355,1.263072666296448
-0.15072742779585918,1.3199267382736877
-0.15072742779585907,1.4039267382736875
-0.1258140640203131,1.5073304621409518
-0.13137916241796127,1.6250753212362752
-0.16569237457441077,1.9324642281806739
-0.16569237457441077,2.0164642281806735
-0.15711378188774144,2.103617571131985
-0.01784511221334517,-2.3411381588411504
-0.0178451122133452,-2.28513815884115
-0.020342211738752808,-2.105489142449242
-0.08347560106533597,-2.009694239712778
-0.08347560106533616,-1.9816942397127784
-0.08721786160919838,-1.8100896353586895
-9.63087973494342E-4,-1.7609951377536837
-9.630879734943698E-4,-1.676995137753684
-0.06610563770227715,-1.413287151038348
-0.0661056377022771,-1.3852871510383478
-0.06610563770227729,-1.2732871510383479
-0.037292162723053565,-0.9012243290920567
-0.07161532783478446,-0.8413174884433334
-0.07161532783478447,-0.7853174884433335
-0.09799999999999996,-0.14000000000000004
-0.05879999999999999,-0.08400000000000002
-0.040039470444928685,0.2977788505482006
-0.040039470444928685,0.3257788505482005
-0.04003947044492871,0.4097788505482005
-0.07846333078751996,0.5040221932815246
-0.04207883933305365,1.2887481327439962
-0.042078839333053605,1.3167481327439965
-0.04207883933305363,1.4007481327439966
-0.072327427795859,1.5038399224455667
-0.07739205477179528,1.6011742593382885
-0.005216694250844006,1.740315381235518
-0.005216694250844214,1.824315381235518
-0.007583298454881995,1.9095741042775507
-0.09045009594721401,2.0038825230852244
-0.012050095947214623,2.1110167417320502
0.060554887786656186,-2.28668386536401
0.0397200751519135,-2.1242904199001615
0.03972007515191353,-2.096290419900162
0.03972007515191354,-1.9842904199001623
0.07759537616703316,-1.8903460961125917
0.09487929002430176,-1.7922374625272577
0.09487929002430165,-1.6802374625272574
0.08198896974956833,-1.5926649033748996
0.08198896974956857,-1.480664903374899
0.025466117723340995,-1.3980682348038405
0.04652871871596534,-1.285183676658588
0.09383725622305701,-1.0686863226971488
0.0938372562230571,-0.9846863226971491
0.01063567251517765,-0.8740654914695585
0.047655887605287495,-0.7145541466965044
0.04765588760528747,-0.6865541466965044
0.04765588760528744,-0.5745541466965045
0.04116449947313264,-0.4933415208147402
0.04116449947313265,-0.3813415208147403
0.0,0.0
0.09799999999999996,0.14000000000000004
0.00989923590891334,0.2201723344284661
0.00989923590891334,0.3041723344284661
0.034431788222564624,0.5226844191088084
0.03443178822256467,0.6066844191088083
0.05457885253845087,0.7253503160940703
0.0075698169292054696,0.9984154550300667
0.007569816929205456,1.0264154550300666
0.007569816929205331,1.1104154550300664
0.017107207868175767,1.2155475146831591
0.03098593597968724,1.513275096449329
0.030985935979687115,1.625275096449329
0.025420837582038683,1.7190606790098668
0.0809949236866821,1.8878990827183546
0.08099492368668215,1.9158990827183544
0.08099492368668205,2.0278990827183545
0.07808621811225885,2.1490726377120155
0.07808621811225891,2.205072637712016
0.10768502244221592,-2.05627914900232
0.10768502244221599,-1.9722791490023202
0.151724398934664,-1.8607114265213192
0.15172439893466402,-1.77671142652132
0.1871199319201427,-1.5252960288746253
0.18711993192014262,-1.4972960288746253
0.18711993192014262,-1.3852960288746246
0.16041191304396352,-1.1204444482241818
0.16041191304396352,-1.0924444482241817
0.1604119130439634,-0.9804444482241815
0.12605588760528735,-0.682591598004193
0.1260558876052874,-0.5985915980041928
0.11843947044492872,-0.40806114902474033
0.1184394704449287,-0.3800611490247403
0.11843947044492872,-0.29606114902474034
0.19516052955507096,0.38607571764082516
0.19516052955507102,0.4140757176408253
0.19516052955507104,0.5260757176408251
0.1533556373538229,0.8418211686631573
0.15335563735382296,0.9258211686631578
0.10639945652608612,1.002160770186709
0.10639945652608612,1.1141607701867096
0.1643698169292056,1.2102126307637167
0.16287257220414053,1.492716114354996
0.16287257220414048,1.520716114354997
0.16287257220414045,1.6047161143549964
0.10390062517305632,1.7109763153681323
0.14082652387880296,1.882908281693574
0.14082652387880323,1.9109082816935734
0.14082652387880312,2.022908281693574
0.2957548877866552,-2.120096298301134
0.2957548877866551,-2.0920962983011346
0.29575488778665515,-1.9800962983011345
0.2720658303365867,-1.872763625100657
0.24152975772806756,-1.7679843620397269
0.24152975772806753,-1.6839843620397268
0.2973086565135684,-1.5263312760353118
0.29730865651356836,-1.4983312760353118
0.27916449699327434,-1.3640733127993223
0.2791644969932744,-1.2800733127993222
0.20332871871596514,-1.1999795127093933
0.28615136996348567,-0.9217691737850164
0.24583567251517802,-0.8536027673178106
0.245835672515178,-0.7976027673178105
0.24198467216521552,-0.6823117605637251
0.2419846721652155,-0.5983117605637253
0.26010030635008274,-0.4609312737906313
0.26010030635008274,-0.3769312737906311
0.2961136542233461,-0.13264647981928573
0.29611365422334635,-0.07664647981928571
0.29611365422334623,0.00735352018071434
0.2746456380252915,0.11525379483773202
0.24509923590891314,0.25057186755243777
0.24509923590891308,0.3065718675524377
0.25230720786817556,1.1862629180549393
0.25230720786817545,1.2142629180549385
0.2523072078681753,1.3262629180549383
0.2236854352178784,1.4262288879312521
0.2785043148539071,1.5586406429510329
0.26618593597968787,1.644542852298332
0.2661859359796877,1.700542852298332
0.2584719727140464,1.8133157050921065
0.22824371341556102,1.9276140601872396
0.2282437134155611,2.01161406018724
0.3218986292006501,-2.074535538222481
0.32189862920065004,-1.990535538222481
0.3345316332711601,-1.8924882224989086
0.3899566302238991,-1.7791174395837757
0.3300792900243006,-1.6383353009588228
0.33007929002430064,-1.5823353009588224
0.34391993192014253,-1.4288057847147115
0.3575644969932743,-1.317469896797315
0.35756449699327425,-1.2894698967973146
0.35756449699327414,-1.177469896797314
0.31048820614765815,-1.0844212832922904
0.38888820614765834,-0.9863115838566643
0.3612558876052877,-0.5850836431850175
0.3612558876052876,-0.47308364318501733
0.31807911789024373,-0.0768763275680597
0.31807911789024385,0.007123672431940384
0.3360994168798882,0.4142717508083093
0.3360994168798881,0.5262717508083095
0.348031788222565,0.6441099142019043
0.34803178822256503,0.7001099142019043
0.387945231548679,0.8108393284690698
0.388555637353824,0.9389890885922354
0.3885556373538239,1.0229890885922353
0.3995698169292053,1.1752415518544752
0.3995698169292052,1.2032415518544752
0.39956981692920523,1.315241551854475
0.3850437134155611,1.9892711517904422
0.3161949236866825,2.03167940052274
0.31619492368668245,2.11567940052274
0.3015499040527865,2.2262921117031933
0.30154990405278637,2.310292111703193
0.47869862920065065,-1.9560718322693873
0.47869862920065065,-1.8720718322693877
0.458759740739919,-1.7414668292085582
0.458759740739919,-1.6854668292085584
0.4264216337239747,-1.2036451872278784
0.42642163372397474,-1.1756451872278793
0.4264216337239748,-1.0916451872278785
0.49486874183746044,-0.5461010685465993
0.4948687418374605,-0.4901010685465992
0.4169003063500827,-0.39857853905304164
0.41690030635008285,-0.28657853905304187
0.4314456380252919,0.08859354525989656
0.4314456380252919,0.11659354525989658
0.43144563802529196,0.2005935452598967
0.466345231548679,0.700664492326691
0.4663452315486789,0.8126644923266912
0.43682530453192675,0.9250660272376261
0.4368253045319268,1.0090660272376262
0.4275264887501388,1.1183416197769205
0.409379690150843,1.226353366943385
0.4093796901508431,1.3103533669433851
0.48777969015084166,1.4007255144070885
0.4613681630855032,1.572480512133495
0.4613681630855032,1.600480512133495
0.495900625173057,1.7821520564502569
0.49590062517305694,1.8101520564502565
0.495900625173057,1.922152056450256
0.47761909817677056,2.1102998456415
0.4776190981767705,2.2222998456415004
0.5467566302238986,-1.6636538218645673
0.5463064627774606,-1.5366467748604051
0.5463064627774605,-1.4806467748604055
0.5463064627774605,-1.3966467748604054
0.58878037775824,-1.0826685144571657
0.5887803777582399,-0.9986685144571654
0.5997513699634858,-0.7703557973665587
0.5997513699634859,-0.686355797366559
0.5044670365584449,-0.5992019699917075
0.526020995033461,-0.3506327453981988
0.5260209950334609,-0.2946327453981987
0.5240394113627322,-0.005200583605920198
0.5240394113627324,0.022799416394079744
0.5240394113627322,0.10679941639407976
0.5737371524762842,0.23246355554938508
0.5737371524762842,0.316463555549385
0.5712994168798883,0.5007326771089268
0.5712994168798884,0.6127326771089266
0.5072236739390303,0.7699427052141381
0.5072236739390303,0.825942705214138
0.5072236739390303,0.9099427052141382
0.5989150902504441,1.098677293974378
0.5989150902504444,1.126677293974378
0.5989150902504441,1.2106772939743784
0.5372854352178787,1.4624766078978184
0.5372854352178786,1.5184766078978185
0.5372854352178789,1.6024766078978183
0.5556340989365417,1.8258149925093028
0.5556340989365419,1.909814992509303
0.582180518164181,2.111767260856933
0.582180518164181,2.223767260856933
0.6238585402971455,-1.8181421247014289
0.6238585402971456,-1.7901421247014289
0.6941520995483936,-1.6073446390503838
0.6941520995483936,-1.5793446390503838
0.6335297577280686,-1.4936486215162326
0.6335297577280686,-1.3816486215162322
0.689308656513568,-1.267371326376197
0.6893086565135681,-1.1833713263761965
0.6711644969932749,-1.097952364615761
0.6240882061476583,-0.9691633134427207
0.6240882061476584,-0.8851633134427197
0.6444141031116828,-0.7546448522128305
0.6444141031116828,-0.6986448522128303
0.634453489476282,-0.16290211105154667
0.6344534894762821,-0.07890211105154651
0.6316791178902436,0.03974802917299511
0.6316791178902438,0.12374802917299522
0.6666456380252918,0.20306567371000625
0.6666456380252918,0.31506567371000627
0.6521371524762843,0.4011366640598437
0.6590353679231066,0.6309124877331894
0.6590353679231066,0.7149124877331894
0.6720253045319272,0.9610102263157526
0.6720253045319271,1.0170102263157528
0.6773150902504447,1.1302289830283303
0.6773150902504443,1.2142289830283304
0.6332274930281815,1.5554930553654216
0.6181681630855028,1.647477473168714
0.6181681630855028,1.7034774731687141
0.6888528037904984,2.0224377303377397
0.6888528037904984,2.1064377303377393
0.7420792037577582,-1.9974319568599843
0.7420792037577582,-1.8854319568599842
0.765050666638626,-1.6934978208684681
0.7725520995483928,-1.5448351329754875
0.7760495903650222,-1.475694266643877
0.7760495903650222,-1.391694266643877
0.777030023819678,-1.1545419893423592
0.7400216337239753,-1.016710940957311
0.7400216337239753,-0.9887109409573109
0.7400216337239753,-0.8767109409573105
0.7169798348243408,-0.7235810961138582
0.7169798348243408,-0.6955810961138575
0.7169798348243409,-0.5835810961138578
0.7229796901508426,1.3619149736252933
0.722979690150843,1.4179149736252934
0.7229796901508425,1.501914973625294
0.7659826474852364,1.8248542530021628
0.7659826474852365,1.9088542530021626
0.8496107349855267,-1.5601543283673858
0.8946341538034607,-1.4922130488639964
0.8599064627774605,-1.3027388104404551
0.8599064627774606,-1.2747388104404551
0.8599064627774607,-1.1907388104404548
0.8617996988168988,-1.09630914400146
0.8442054260619066,-0.7572056155631084
0.8442054260619066,-0.6732056155631082
0.817558373262191,-0.4991236002982312
0.8175583732621912,-0.38712360029823134
0.8396209950334608,-0.22162960424062994
0.8396209950334607,-0.19362960424062992
0.8396209950334605,-0.0816296042406301
0.869653489476282,0.014272690348266406
0.8902443723761734,0.19994632735862014
0.8902443723761734,0.22794632735862017
0.8902443723761732,0.31194632735862055
0.8158353679231067,0.6884754349234877
0.8158353679231066,0.7164754349234878
0.8158353679231068,0.8004754349234877
0.8992236739390299,0.9177155579340022
0.8992236739390301,1.0017155579340022
0.8120440482844148,1.163358012696915
0.8120440482844146,1.2193580126969152
0.8120440482844148,1.303358012696915
0.8677285239744745,1.414543145631093
0.8386348039197542,1.5629871514563631
0.8386348039197542,1.6189871514563627
0.8386348039197542,1.7029871514563633
0.8533681630855029,1.8130668791371751
0.8941827144885799,1.904800219039248
0.8692340989365421,2.00903914560615
0.869234098936542,2.12103914560615
0.8456528037904988,2.212443000661911
0.8173805181641798,2.3197930811307867
0.931303915876224,-1.8699877195157832
0.9114716219725751,-1.7773066395614292
0.989758509429742,-1.6003084262825928
0.9897585094297419,-1.572308426282593
0.9959839303470489,-1.4620915029787782
0.9539877811078332,-1.3160517733242938
0.9539877811078332,-1.2880517733242938
0.9299135556727274,-1.148264582688435
0.9299135556727274,-1.092264582688435
0.9613486961641317,-0.9314831974996445
0.9807803777582403,-0.8422175656370599
0.9679686456869628,-0.7996668498931445
0.9679686456869627,-0.6876668498931447
0.9580141031116829,-0.5934872568096018
0.9743583732621911,-0.4246212952450516
0.974358373262191,-0.3966212952450517
0.9743583732621911,-0.2846212952450516
0.9657371524762846,0.3764730689745164
0.9657371524762846,0.4044730689745166
0.9657371524762844,0.5164730689745165
0.9575661020219645,0.6186906244775321
0.9575661020219646,0.7026906244775319
0.9177877688072422,1.0492122461101037
0.9177877688072422,1.1052122461101037
0.9125150902504441,1.223485244923813
0.9125150902504441,1.3074852449238132
0.9589196842960891,1.5844119130321843
0.958919684296089,1.6124119130321841
0.9589196842960891,1.724411913032184
1.020299481898211,-1.6621393207529158
1.0681585094297419,-1.5317503614000763
1.068158509429742,-1.4757503614000766
1.051434153803462,-1.3599734505420817
1.0514341538034615,-1.2759734505420814
1.0112495903650223,-1.1736309544481356
1.0122300238196775,-0.9894343764868488
1.0122300238196775,-0.8774343764868484
1.0463686456869628,-0.7508065924103061
1.0794054260619066,-0.6243176745722547
1.0794054260619066,-0.5963176745722544
1.0794054260619066,-0.4843176745722542
1.084205136271506,-0.24489815063363007
1.084205136271506,-0.1888981506336299
1.075408570732863,-0.04906506691282189
1.0754085707328624,0.006934933087177797
1.0424683837712196,0.17852240830396834
1.04246838377122,0.20652240830396823
1.0424683837712196,0.3185224083039684
1.0907331041590949,0.43045857399485776
1.0907331041590949,0.5144585739948576
1.0510353679231075,0.7744152215241482
1.0510353679231073,0.8024152215241482
1.0510353679231075,0.9144152215241483
1.0231759578882267,1.0166493983273481
1.0231759578882271,1.100649398327348
1.131653179635891,-1.597952519023138
1.131653179635891,-1.485952519023138
1.1510759076000356,-1.1121991046864208
1.1510759076000354,-1.0841991046864206
1.1510759076000354,-0.9721991046864206
1.1866375069789683,-0.7652357622457677
1.1866375069789683,-0.6812357622457671
1.16790616289975,-0.4963327135307355
1.1679061628997502,-0.3843327135307354
1.1509144102991018,0.08651744910644907
1.1509144102991018,0.11451744910644901
1.150914410299102,0.22651744910644908
1.1970845732998108,0.7460892763938395
1.197084573299811,0.8020892763938395
1.1799759578882263,1.01838800795319
1.1799759578882265,1.10238800795319
1.1941794254646227,1.2416886919613952
1.1941794254646225,1.3256886919613953
1.1029285239744742,1.452718008732829
1.102928523974474,1.508718008732829
1.191118039168411,1.7257985935774807
1.1911180391684115,1.8097985935774807
1.1166502014936037,1.910402724756666
1.2248328433699496,-1.6256209086636275
1.2248328433699496,-1.5976209086636273
1.2248328433699496,-1.4856209086636278
1.2119259000745857,-1.3290858780437729
1.2443726417629626,-1.2306872856297841
1.2378526709158144,-1.1871952965414967
1.2378526709158146,-1.0751952965414968
1.2224770549759107,-0.9797396427808672
1.2361071166958677,-0.8105781157782275
1.2312504352685538,-0.7784919834668899
1.2312504352685538,-0.6944919834668891
1.2650375069789679,-0.5963542891724674
1.2338652887621748,-0.41250068661468997
1.2338652887621746,-0.3845006866146904
1.2338652887621744,-0.2725006866146896
1.2503988942910922,-0.19243056471871894
1.2999331042290234,-0.05038834954460686
1.2999331042290232,0.005611650455393191
1.2293144102991016,0.11852856605142661
1.2776683837712197,0.2705424943388209
1.2776683837712202,0.326542494338821
1.2776683837712204,0.4105424943388207
1.2475331041590951,0.5170174119859043
1.247533104159095,0.6010174119859042
1.2873873034514491,1.3367650613895168
1.2873873034514485,1.420765061389517
1.2249544133362296,1.7558443609409289
1.2249544133362296,1.8118443609409287
1.2077827144885804,1.9596787870807695
1.2077827144885807,2.015678787080769
1.2316147965202173,2.115043379212936
1.3338994818982113,-1.3818584731440957
1.3338994818982113,-1.2978584731440959
1.3227726417629637,-1.1597303100468626
1.3227726417629635,-1.075730310046862
1.3786216381228316,-0.9811040280510668
1.3786216381228318,-0.8971040280510669
1.3145071166958673,-0.7482364327851267
1.388050435268554,-0.6573078844479461
1.388050435268554,-0.573307884447946
1.3188382354695516,-0.48168879010797033
1.3194051362715065,-0.13587158166337354
1.3783331042290234,-0.015085081325472316
1.3783331042290234,0.012914918674527709
1.378333104229023,0.12491491867452781
1.335823669650984,0.5709838732379053
1.3079823376072188,0.694624468193213
1.3079823376072186,0.7226244681932129
1.3079823376072186,0.8066244681932131
1.3529852932575477,0.9134882952898131
1.3758770483448828,1.1342976443042447
1.3758770483448832,1.2182976443042446
1.3119189044609205,1.4973010852906201
1.3119189044609214,1.5253010852906204
1.3119189044609207,1.60930108529062
1.339195190536775,1.7021834603017112
1.315607705539799,1.846625055801006
1.3156077055397988,1.9026250558010063
1.452963181772664,-1.3010929596106957
1.452963181772664,-1.2730929596106957
1.4446730106453731,-1.1238648043264095
1.4446730106453731,-1.0958648043264094
1.4231116110508744,-0.9585142599350482
1.4231116110508744,-0.8745142599350486
1.4804680868020579,-0.7326674973681306
1.480468086802058,-0.6766674973681306
1.480468086802058,-0.5926674973681298
1.486591509731754,-0.4126297428906299
1.4865915097317537,-0.3846297428906297
1.4690652887621747,-0.28363936768335996
1.4690652887621745,-0.19963936768336044
1.4645144102991017,0.2161924208273956
1.4645144102991017,0.3001924208273959
1.4061406390500786,0.4688838395870657
1.4827331041590952,0.5778743085346922
1.4827331041590948,0.6058743085346923
1.4827331041590952,0.7178743085346921
1.4151759578882275,1.1044982014622031
1.4151759578882277,1.216498201462203
1.4293794254646233,1.3293151474877105
1.429379425464623,1.4133151474877108
1.4959951905367743,1.6786217739736355
1.4959951905367743,1.7066217739736356
1.4959951905367739,1.8186217739736357
1.5507550801766579,-1.2734916618417786
1.5507550801766574,-1.1894916618417786
1.5038637696780737,-1.047572920404997
1.503863769678074,-0.9915729204049974
1.5530116262141858,-0.7770048747841999
1.5588680868020575,-0.6617983056820795
1.5497071166958676,-0.5580901102425704
1.5786375069789687,-0.4754615370067965
1.5786375069789689,-0.39146153700679587
1.5656663497126102,-0.2805713963041512
1.5656663497126098,-0.1965713963041521
1.570429287624901,-0.07824938571253115
1.542557694736479,0.28346521005566966
1.5425576947364785,0.3114652100556691
1.542557694736479,0.4234652100556689
1.5881852932575482,0.8878012785930552
1.588185293257548,0.9158012785930554
1.5881852932575473,1.0278012785930553
1.5052627891663235,1.1911022759583791
1.5052627891663237,1.2191022759583794
1.5052627891663233,1.3031022759583792
1.5225873034514503,1.4244673261977272
1.5471189044609208,1.5868088563908558
1.5471189044609206,1.614808856390856
1.5471189044609208,1.7268088563908557
1.6136930414294959,-0.9885462126165857
1.613821638122832,-0.8194224962674383
1.613821638122832,-0.7914224962674379
1.613821638122832,-0.6794224962674378
1.6095546952203341,-0.5635994828806468
1.6095546952203343,-0.47959948288064636
1.6671106425039448,-0.3686122948892426
1.6440663497126102,-0.23368998465309987
1.6440663497126102,-0.17768998465309982
1.6440663497126105,-0.0936899846530993
1.6209496962340888,0.0015174987481312296
1.620949696234089,0.11351749874813089
1.6135331042290229,0.20499822987859573
1.620957694736479,0.316490499248654
1.620957694736479,0.40049049924865365
1.6750075009167504,0.6654557584338947
1.6750075009167507,0.7214557584338944
1.6750075009167507,0.8054557584338946
1.6581985429752306,1.4623882246166007
1.6581985429752304,1.5183882246166007
1.6581985429752304,1.6023882246166004
1.6447414056645877,1.701859065322808
1.7566018483646904,-1.2208382018183694
1.7075550801766575,-1.1216271092170023
1.7075550801766575,-1.0936271092170016
1.7075550801766575,-0.9816271092170018
1.7898270952847208,-0.702242343341324
1.7098116262141845,-0.6296724010451655
1.7098116262141845,-0.5736724010451655
1.7098116262141843,-0.48967240104516496
1.7940680868020584,-0.3905197061882294
1.7826666798894053,-0.24044537516376674
1.7826666798894053,-0.18444537516376658
1.7963094392152363,0.0235186151801291
1.7963094392152363,0.10751861518012884
1.7053936408186923,0.22772757593216875
1.7463242111768553,0.31410482946637663
1.7197406390500787,0.5913408349600675
1.7197406390500785,0.6193408349600673
1.719740639050079,0.7033408349600672
1.7534075009167518,0.8078312263012735
1.7051628426189664,0.9747962711384742
1.7051628426189671,1.002796271138474
1.7051628426189667,1.114796271138474
1.796818612545414,1.2550607869258508
1.7968186125454142,1.3110607869258508
1.844963181772665,-0.9243182943884101
1.8144947289734914,-0.8096440649692968
1.8488930414294948,-0.7600622613151581
1.8488930414294948,-0.6760622613151577
1.8692801058910282,-0.5192337771418494
1.8692801058910282,-0.4912337771418491
1.8692801058910282,-0.37923377714184914
1.800191509731754,-0.2065026781543896
1.8733948586642881,-0.10412051436394831
1.873394858664288,-0.07612051436394873
1.8733948586642877,0.007879485636051564
1.8001094824361368,0.14730328147613891
1.8001094824361368,0.20330328147613863
1.8383523261519394,0.9390293514750263
1.8383523261519397,1.0230293514750266
1.8339822363239295,1.1538172311958255
1.8408771030526372,1.2767851024576762
1.840877103052637,1.304785102457676
1.840877103052637,1.4167851024576765
1.8641090976746515,1.5106491858172066
1.8321916900593394,1.6206658897168222
1.8321916900593396,1.7046658897168223
1.9891759826850337,-0.8838089388432767
1.9030044341388046,-0.7671902380814528
1.9030044341388044,-0.6831902380814526
1.9814044341388046,-0.5765229357063589
1.9794658130808043,-0.24635113457200997
1.98737046354156,-0.10254916277743231
1.9576663497126097,-0.04104255549076963
1.9576663497126097,0.014957444509230977
1.9624292876248999,0.1154461697054614
1.9815242111768547,0.31291516392265184
1.9345576947364789,0.4516627152369027
1.9345576947364789,0.5076627152369019
1.9075052563549741,0.6467463785580257
1.9886075009167508,0.7881801945366106
1.9886075009167505,0.8161801945366097
1.988607500916751,0.9001801945366104
1.9579773982689224,1.6891660081920392
1.9579773982689221,1.7171660081920397
1.9579773982689224,1.8011660081920398
2.067575982685033,-0.8042011496265811
2.067575982685033,-0.7762011496265809
2.0675759826850326,-0.6922011496265805
2.048178167318919,-0.5413161879425646
2.048178167318919,-0.48531618794256426
2.025027095284721,-0.38581551468154607
2.047965331001339,-0.22455855434350447
2.0983600897003942,-0.1437733969300411
2.0400712014239173,-0.05144910502361788
2.0741647737948323,0.09046520096343147
2.0741647737948328,0.11846520096343194
2.018993640818693,0.24345224822692169
2.0189936408186933,0.32745224822692154
2.0769684123468792,0.47787597646073965
2.0769684123468783,0.5058759764607395
2.0769684123468792,0.6178759764607398
2.012436390456978,0.7282141298975466
2.012436390456979,0.8122141298975472
2.0810984469848783,1.1699555712161582
2.0810984469848792,1.2259555712161578
2.0810984469848792,1.3099555712161584
2.099309097674652,1.512358717047129
2.099309097674652,1.624358717047129
2.18288010589103,-0.2093129547857161
2.18288010589103,-0.18131295478571618
2.145255243870189,-0.009023309500909904
2.141983007728089,0.035082552273450696
2.1419830077280886,0.11908255227345099
2.1753095983185267,0.20357109651378613
2.127021339295842,0.32963423810211845
2.1270213392958413,0.4136342381021183
2.1942418115356883,0.501826591534333
2.1942418115356883,0.6138265915343328
2.1134297208590653,0.9893415963280562
2.1519523261519384,1.058133181738251
2.151952326151939,1.1141331817382503
2.1484859899703745,1.202723430586127
2.1544771030526375,1.391642302948342
2.154477103052637,1.419642302948342
2.154477103052638,1.5036423029483421
2.277948566921049,-0.373904415538868
2.2753118290485714,-0.29308958751860115
2.275311829048572,-0.18108958751860105
2.206970715786641,0.08856380340700887
2.2752712014239185,0.13081039345184242
2.275271201423918,0.21481039345184205
2.201867559683221,0.3408625360717139
2.2018675596832207,0.4248625360717142
2.2917078002341262,0.5263685956751174
2.2109683022349222,0.6240373963801216
2.2109683022349227,0.7080373963801219
2.245442158363078,0.8282915543025333
2.201554362691772,0.9705419125707111
2.201554362691772,1.026541912570711
2.2015543626917715,1.1105419125707114
2.2451391410678503,1.225391483744347
2.281723146158378,1.3000722577708903
2.2817231461583782,1.4120722577708897
2.326002284912454,-0.5516823585148874
2.381175982685033,-0.4831665225010865
2.3136629462932397,-0.31471987024651693
2.31366294629324,-0.2867198702465167
2.390443516970221,-0.1218934266771804
2.3904435169702216,-0.09389342667718037
2.3904435169702216,0.018106573322819508
2.345061907247741,0.1914777526423148
2.309364773794832,0.23304129464782708
2.3093647737948326,0.31704129464782627
2.3348097127591156,0.42094720269994435
2.3510418115356875,0.5495455922232977
2.351041811535687,0.6055455922232982
2.367768302234923,0.7237173104271859
2.3260363904569763,0.8578694126577786
2.3260363904569763,0.913869412657778
2.4044022849124547,-0.4700023011221177
2.4044022849124547,-0.38600230112211764
2.47046294629324,-0.15162443433509165
2.47046294629324,-0.09562443433509182
2.4826795858655695,0.01963469815711616
2.411960089700394,0.1730772962336964
2.411960089700394,0.20107729623369663
2.4956279567771453,0.36140332586160406
2.4956279567771453,0.4174033258616041
2.495627956777145,0.5014033258616035
2.4399801534511836,0.6088794355490195
2.4803391410678506,1.2054009426916357
2.4803391410678497,1.3174009426916349
2.541740677741517,0.25275666552640486
2.505006003332806,0.32393401091759566
2.5919602314303978,0.4484698298852491
2.591960231430398,0.5044698298852495
2.599027831300117,0.6393008925190833
2.599027831300117,0.7233008925190835
2.597063618528274,0.8271084693956148
2.5590421583630785,0.961716846426655
2.515154362691772,1.0969832555436447
2.515154362691772,1.1249832555436448
2.5151543626917716,1.2089832555436444
2.6396022849124545,-0.22389468707499854
2.6396022849124545,-0.19589468707499852
2.6098916452560292,-0.01846815460135398
2.609891645256029,0.009531845398646044
2.6098916452560292,0.12153184539864581
2.676474366647044,0.27004271687224113
2.6764743666470436,0.32604271687224096
2.6251653715286274,0.41934296833453977
2.668896284953765,0.5651701615704671
2.668896284953765,0.6211701615704671
2.668896284953765,0.7051701615704679
2.676396021061799,0.8160139775047329
2.690925994535546,0.907718455674318
2.6021891975937046,1.0158970896925155
2.7056629462932387,0.09439115327086534
2.7056629462932387,0.12239115327086514
2.7056629462932387,0.2063911532708651
2.757870209062919,0.3121789789764886
2.715508699072158,0.41911780608193516
2.7162267762614882,0.5731960652525341
2.7162267762614887,0.6011960652525343
2.716226776261488,0.7131960652525347
2.7693259945355466,0.8761339521367646
2.7693259945355466,0.9041339521367644
2.7693259945355466,1.016133952136765
2.847633481338072,0.02595344596575533
2.8476334813380726,0.10995344596575563
2.8900415956847714,0.3664253222243784
2.890041595684771,0.422425322224378
2.8186060033328064,0.5731011173589498
2.818606003332806,0.6011011173589493
2.8186060033328064,0.7131011173589501
2.8730267762614874,0.8226356126058949
2.834227831300117,0.9255581749611551
2.834227831300117,1.009558174961155
2.8492060488875213,1.1244573072120703
2.9159516509073424,0.3173688174078144
2.915951650907342,0.40136881740781405
2.938765371528627,0.6313543727053506
2.9387653715286266,0.7153543727053506
2.993012753109204,0.8073981617910537
2.922691206664955,0.9166287253232691
2.9371986780693886,1.0736060726514491
2.9371986780693886,1.1016060726514494
2.9371986780693886,1.2136060726514495
3.090048297348721,0.06351965571406248
3.0430114566251425,0.17249286456969487
3.0430114566251425,0.2004928645696949
3.0163002667104775,0.39941925858773186
3.0163002667104775,0.42741925858773155
3.0163002667104775,0.5114192585877315
3.094700266710478,0.6228560026113111
3.0531821507184507,0.7187469315694788
3.0628839706310798,0.883822230029816
3.0628839706310798,0.911822230029816
3.0628839706310798,1.0238222300298156
3.023282857374455,1.1069483075779192
3.0829259945355463,1.200108138355188
3.082925994535546,1.3121081383551882
3.125241595684771,0.6165561338917237
3.1252415956847703,0.7005561338917238
3.1076983400423934,0.8004141032304344
3.1971661816260024,0.9413420262991201
3.1971661816260024,1.0253420262991197
3.1881307600201256,1.1288815751864951
3.188130760020126,1.2128815751864956
3.1628060488875205,1.3090174741395173
3.1628060488875205,1.4210174741395174
3.278211456625141,0.4227733644343499
3.2118953837595763,0.5424474212555851
3.2902953837595756,0.6257808428653413
3.2902953837595756,0.7097808428653406
3.2682933082599535,0.9484549143690714
3.2682933082599535,1.0044549143690715
3.2684368504321757,1.2329901409669708
3.2684368504321757,1.3169901409669706
3.2916142253031175,1.4864423469438428
3.2916142253031175,1.5144423469438428
3.2916142253031175,1.626442346943843
3.3550216917744784,0.4745846070080888
3.3550216917744784,0.5025846070080889
3.3550216917744784,0.6145846070080891
3.3079516509073437,0.7344598667270203
3.307951650907343,0.8184598667270204
3.3428983400423924,0.9941928064892283
3.3428983400423915,1.0221928064892283
3.378393113595207,1.1543535317845315
3.3783931135952074,1.210353531784531
3.4334216917744778,0.5576555338666835
3.4334216917744778,0.6136555338666836
3.408300266710478,0.8165219465488326
3.408300266710478,0.9005219465488323
3.4771890133422807,1.0201545389144606
3.4771890133422807,1.104154538914461
3.4567931135952064,1.2374798290829325
3.456793113595207,1.3214798290829322
3.527250824746325,0.8229422919600355
3.527250824746325,0.9069422919600354
3.5414603134840466,1.0703141892012078
3.593677418428441,1.1368806580986213
3.593677418428441,1.2208806580986216
3.500625289139503,1.5671846315837126
3.5006252891395024,1.6231846315837128
3.500625289139503,1.7071846315837125
3.6686216917744776,0.8062685731687766
3.6038953837595766,0.9584848032608673
3.603895383759577,1.014484803260867
3.619860313484046,1.1528950964451872
3.6198603134840455,1.2088950964451874
3.6919931135952053,1.4862997695366555
3.691993113595205,1.5142997695366551
3.6919931135952044,1.6262997695366552
3.6309522443096425,1.8811400102102493
3.6309522443096425,1.9091400102102498
3.6309522443096425,2.02114001021025
3.7624508247463244,1.0703008715380458
3.7842746166777035,1.1900883762965189
3.7842746166777035,1.2180883762965187
3.7842746166777035,1.3020883762965183
3.8139122245208723,1.3091341521550492
3.813912224520872,1.4211341521550493
3.9334603134840473,1.4817315817819336
3.933460313484047,1.5097315817819335
3.933460313484047,1.6217315817819333
4.0187609709146885,1.153963010698322
4.0187609709146885,1.209963010698322
4.049112224520871,1.5538744885237015
4.04911222452087,1.6098744885237013
4.221732867898287,1.7412330111309162
4.221732867898286,1.8252330111309159
4.535332867898286,2.0554296236148115
4.535332867898285,2.1114296236148107
4.607617036551314,2.046100733035396
4.607617036551314,2.1021007330353956
4.716155848669889,2.0283443721396077
4.716155848669889,2.112344372139608
4.9212170365513135,2.344913279807371
4.9212170365513135,2.400913279807371
