0.0,0.0
0.011480502970952693,0.0277163859753386
0.022961005941905387,0.0554327719506772
0.034441508912858076,0.08314915792601581
0.04592201188381077,0.1108655439013544
0.05740251485476346,0.13858192987669302
0.06888301782571615,0.16629831585203161
0.08036352079666885,0.1940147018273702
0.09184402376762155,0.2217310878027088
0.10332452673857424,0.24944747377804743
0.11480502970952695,0.2771638597533861
0.12628553268047965,0.3048802457287247
0.13776603565143236,0.33259663170406334
0.14924653862238507,0.36031301767940194
0.16072704159333775,0.38802940365474053
0.17220754456429047,0.41574578963007913
0.18368804753524318,0.4434621756054178
0.1951685505061959,0.4711785615807564
0.20664905347714857,0.49889494755609504
0.21812955644810125,0.5266113335314336
0.22961005941905396,0.5543277195067722
0.24109056239000667,0.5820441054821108
0.2525710653609594,0.6097604914574495
0.2640515683319121,0.6374768774327881
0.2755320713028648,0.6651932634081267
0.2870125742738175,0.6929096493834653
0.2984930772447702,0.720626035358804
0.30997358021572285,0.7483424213341426
0.32145408318667557,0.7760588073094812
0.3329345861576283,0.8037751932848198
0.344415089128581,0.8314915792601585
0.3558955920995337,0.8592079652354971
0.36737609507048635,0.8869243512108358
0.37885659804143906,0.9146407371861742
0.3903371010123918,0.9423571231615129
0.4018176039833445,0.9700735091368515
0.4132981069542972,0.9977898951121902
0.4247786099252499,1.0255062810875288
0.4362591128962026,1.0532226670628675
0.4477396158671553,1.080939053038206
0.459220118838108,1.1086554390135446
0.4707006218090607,1.1363718249888832
0.4821811247800134,1.1640882109642219
0.4936616277509661,1.1918045969395605
0.5051421307219188,1.2195209829148992
0.5166226336928715,1.2472373688902378
0.5281031366638242,1.2749537548655765
0.539583639634777,1.3026701408409151
0.5510641426057297,1.3303865268162538
0.5625446455766824,1.3581029127915922
0.5740251485476351,1.3858192987669309
0.5855056515185878,1.4135356847422695
0.5969861544895405,1.4412520707176082
0.6084666574604931,1.4689684566929468
0.6199471604314459,1.4966848426682855
0.6314276634023985,1.5244012286436242
0.6429081663733512,1.5521176146189628
0.654388669344304,1.5798340005943015
0.6658691723152567,1.60755038656964
0.6773496752862094,1.6352667725449785
0.6888301782571621,1.6629831585203172
0.7003106812281148,1.6906995444956558
0.7117911841990675,1.7184159304709945
0.7232716871700202,1.7461323164463332
0.7347521901409729,1.7738487024216716
0.7462326931119256,1.8015650883970102
0.7577131960828782,1.829281474372349
0.7691936990538311,1.8569978603476875
0.7806742020247837,1.8847142463230262
0.7921547049957363,1.9124306322983642
0.8036352079666889,1.9401470182737026
0.8151157109376415,1.967863404249041
0.8265962139085941,1.9955797902243795
0.8380767168795467,2.023296176199718
0.8495572198504994,2.051012562175057
0.861037722821452,2.078728948150395
0.8725182257924046,2.106445334125733
0.8839987287633573,2.134161720101072
0.8954792317343099,2.1618781060764105
0.9069597347052624,2.1895944920517483
0.918440237676215,2.2173108780270865
0.9299207406471676,2.245027264002425
0.9414012436181202,2.272743649977764
0.9528817465890728,2.300460035953102
0.9643622495600255,2.3281764219284407
0.9758427525309781,2.355892807903779
0.9873232555019307,2.3836091938791175
0.9988037584728834,2.4113255798544557
1.0102842614438359,2.4390419658297944
1.0217647644147885,2.4667583518051326
1.0332452673857413,2.4944747377804712
1.044725770356694,2.5221911237558094
1.0562062733276465,2.549907509731148
1.067686776298599,2.5776238957064863
1.0791672792695517,2.605340281681825
1.0906477822405043,2.633056667657163
1.102128285211457,2.660773053632502
1.1136087881824095,2.68848943960784
1.125089291153362,2.7162058255831787
1.1365697941243147,2.743922211558517
1.1480502970952675,2.7716385975338556
1.1595308000662201,2.7993549835091938
1.1710113030371727,2.827071369484532
1.1824918060081253,2.8547877554598706
1.193972308979078,2.8825041414352093
1.2054528119500305,2.9102205274105475
1.2169333149209831,2.9379369133858857
1.2284138178919357,2.9656532993612243
1.2398943208628883,2.993369685336563
1.251374823833841,3.021086071311901
1.2628553268047935,3.0488024572872394
1.274335829775746,3.076518843262578
1.2858163327466987,3.1042352292379163
1.2972968357176513,3.131951615213255
1.3087773386886041,3.159668001188593
1.3202578416595567,3.187384387163932
1.3317383446305093,3.21510077313927
1.343218847601462,3.2428171591146087
1.3546993505724145,3.270533545089947
1.3661798535433671,3.2982499310652855
1.3776603565143197,3.3259663170406237
1.3891408594852723,3.3536827030159615
1.400621362456225,3.3813990889913
1.4121018654271777,3.409115474966639
1.4235823683981303,3.436831860941977
1.435062871369083,3.464548246917315
1.4467382049360877,3.4920698022966015
1.4588031996951982,3.5192016964837824
1.4712578556464138,3.5459439294788573
1.484102172789735,3.5722965012818277
1.497336151125161,3.5982594118926925
1.5109597906526924,3.6238326613114524
1.524973091372329,3.6490162495381067
1.539376053284071,3.673810176572656
1.5541686763879183,3.6982144424151
1.5693509606838711,3.7222290470654387
1.5849229061719288,3.7458539905236727
1.600884512852092,3.769089272789801
1.6172357807243605,3.791934893863824
1.6339767097887343,3.814390853745742
1.6511073000452134,3.8364571524355546
1.6686275514937976,3.858133789933262
1.6865374641344872,3.879420766238864
1.704837037967282,3.9003180813523612
1.7235262729921819,3.9208257352737523
1.7426051692091873,3.9409437280030386
1.762073726618298,3.960672059540219
1.781931945219514,3.980010729885296
1.802179825012835,3.9989597390382663
1.8228173659982616,4.0175190869991315
1.8438445681757931,4.035688773767891
1.8652614315454301,4.053468799344546
1.8870679561071724,4.070859163729096
1.90926414186102,4.08785986692154
1.9318499888069727,4.104470908921878
1.9548254969450305,4.120692289730112
1.978190666275194,4.13652400934624
2.0019454967974624,4.151966067770264
2.026089988511836,4.167018465002181
2.0506241414183153,4.181681201041993
2.0755479555168996,4.195954275889701
2.1008614308075897,4.209837689545302
2.126564567290384,4.223331442008799
2.1526573649652847,4.236435533280191
2.1791398238322897,4.249149963359477
2.2060119438914008,4.261474732246658
2.2332737251426167,4.273409839941733
2.260903519741932,4.284976934288709
2.288619905717271,4.2964574372596624
2.31633629169261,4.307937940230615
2.344052677667949,4.319418443201568
2.3717690636432875,4.33089894617252
2.399485449618626,4.342379449143474
2.4272018355939653,4.353859952114426
2.454918221569304,4.365340455085379
2.482634607544643,4.3768209580563315
2.5103509935199817,4.388301461027284
2.5380673794953204,4.399781963998238
2.5657837654706594,4.41126246696919
2.593500151445998,4.422742969940143
2.621216537421337,4.434223472911095
2.648932923396676,4.445703975882048
2.6766493093720145,4.4571844788530015
2.7043656953473536,4.468664981823954
2.7320820813226923,4.480145484794907
2.7597984672980314,4.491625987765859
2.78751485327337,4.503106490736813
2.8152312392487087,4.514586993707765
2.8429476252240478,4.526067496678718
2.8706640111993864,4.537547999649671
2.8983803971747255,4.549028502620623
2.926096783150064,4.560509005591577
2.953813169125403,4.571989508562529
2.981529555100742,4.583470011533482
3.0092459410760806,4.5949505145044345
3.0369623270514197,4.606431017475387
3.0646787130267583,4.617911520446341
3.092395099002097,4.629392023417293
3.120111484977436,4.640872526388246
3.1478278709527747,4.652353029359198
3.175544256928114,4.663833532330152
3.2032606429034525,4.6753140353011045
3.230977028878791,4.686794538272057
3.25869341485413,4.69827504124301
3.2864098008294684,4.709755544213962
3.3141261868048075,4.721236047184916
3.341842572780146,4.732716550155868
3.369558958755485,4.744197053126821
3.397275344730824,4.7556775560977735
3.4249917307061626,4.767158059068727
3.4527081166815017,4.77863856203968
3.4804245026568403,4.790119065010632
3.5081408886321794,4.801599567981585
3.535857274607518,4.813080070952538
3.5635736605828567,4.824560573923491
3.591290046558196,4.8360410768944435
3.6190064325335345,4.847521579865396
3.6467228185088736,4.859002082836349
3.6744392044842122,4.870482585807302
3.702155590459551,4.881963088778255
3.72987197643489,4.893443591749207
3.7575883624102286,4.90492409472016
3.7853047483855677,4.916404597691113
3.8130211343609064,4.927885100662066
3.840737520336245,4.939365603633019
3.868453906311584,4.950846106603971
3.896170292286923,4.962326609574924
3.923886678262262,4.973807112545877
3.9516030642376005,4.98528761551683
3.979319450212939,4.996768118487783
4.007035836188278,5.008248621458735
4.034752222163617,5.019729124429688
4.062468608138956,5.031209627400641
4.090184994114295,5.042690130371594
4.117901380089633,5.0541706333425465
4.145617766064972,5.065651136313499
4.1733341520403116,5.077131639284452
4.20105053801565,5.088612142255405
4.228766923990989,5.100092645226358
4.2564833099663275,5.11157314819731
4.284199695941666,5.123053651168263
4.311916081917006,5.134534154139216
4.339632467892344,5.146014657110169
4.367348853867683,5.157495160081122
4.395065239843022,5.168975663052074
4.422781625818361,5.180456166023027
4.4504980117937,5.19193666899398
4.4782143977690385,5.203417171964933
4.505930783744377,5.2148976749358855
4.533647169719716,5.226378177906838
4.5613635556950545,5.237858680877792
4.589079941670394,5.249339183848744
4.616796327645733,5.260819686819697
4.644512713621071,5.272300189790649
4.67222909959641,5.283780692761603
4.699945485571749,5.2952611957325555
4.727661871547088,5.306741698703508
4.755378257522427,5.318222201674461
4.7830946434977655,5.329702704645413
4.810811029473104,5.341183207616367
4.838527415448443,5.352663710587319
4.866243801423782,5.364144213558272
4.893960187399121,5.375624716529225
4.92167657337446,5.387105219500177
4.949392959349798,5.398585722471131
4.977109345325138,5.410066225442083
5.0048257313004765,5.421546728413036
5.032542117275814,5.4330272313839885
5.060258503251152,5.444507734354941
5.087974889226491,5.455988237325894
5.115691275201828,5.467468740296845
5.143407661177166,5.478949243267798
5.171124047152504,5.490429746238751
5.198840433127843,5.501910249209703
5.22655681910318,5.513390752180656
5.254273205078518,5.524871255151608
5.281989591053856,5.53635175812256
5.309705977029195,5.547832261093513
5.337422363004532,5.559312764064465
5.36513874897987,5.570793267035418
5.392855134955209,5.5822737700063705
5.4205715209305465,5.593754272977323
5.448287906905884,5.605234775948275
5.476004292881222,5.616715278919227
5.503720678856561,5.62819578189018
5.5314370648318985,5.639676284861133
5.559153450807236,5.651156787832085
5.586869836782574,5.662637290803038
5.614586222757913,5.6741177937739895
5.64230260873325,5.685598296744942
5.670018994708588,5.697078799715895
5.697735380683927,5.708559302686847
5.725451766659265,5.7200398056578
5.753168152634602,5.7315203086287525
5.780884538609941,5.743000811599705
5.808600924585279,5.754481314570657
5.8363173105606165,5.765961817541609
5.864033696535954,5.777442320512562
5.891750082511293,5.788922823483515
5.919466468486631,5.800403326454467
5.9471828544619685,5.81188382942542
5.974899240437306,5.8233643323963715
6.002615626412645,5.834844835367324
6.030332012387983,5.846325338338277
6.05804839836332,5.857805841309229
6.085764784338659,5.869286344280182
6.113481170313997,5.8807668472511345
6.141197556289335,5.892247350222086
6.168913942264672,5.903727853193039
6.196630328240011,5.915208356163991
6.224346714215349,5.926688859134944
6.252063100190687,5.938169362105897
6.279779486166024,5.949649865076849
6.307495872141363,5.961130368047801
6.335212258116701,5.9726108710187535
6.3629286440920385,5.984091373989706
6.390645030067377,5.995571876960659
6.418361416042715,6.007052379931611
6.446077802018053,6.018532882902564
6.473794187993391,6.030013385873516
6.501510573968729,6.041493888844468
6.529226959944067,6.052974391815421
6.556943345919405,6.0644548947863735
6.584659731894743,6.075935397757326
6.612376117870081,6.087415900728278
6.640092503845419,6.09889640369923
6.667808889820757,6.110376906670183
6.695525275796095,6.121857409641136
6.723241661771433,6.133337912612088
6.750958047746771,6.144818415583041
6.778674433722109,6.156298918553993
6.806390819697447,6.167779421524945
6.834107205672785,6.179259924495898
6.861823591648123,6.19074042746685
6.889505293983249,6.202272838173614
6.917039590847475,6.214025856757576
6.944417811330746,6.226012460152691
6.971639955433064,6.238232648358956
6.998706023154428,6.250686421376372
7.025616014494838,6.26337377920494
7.052369929454294,6.27629472184466
7.078967768032797,6.28944924929553
7.105409530230346,6.302837361557553
7.13169521604694,6.316459058630727
7.157824825482581,6.330314340515051
7.183798358537269,6.3444032072105285
7.209615815211002,6.358725658717157
7.235277195503782,6.373281695034937
7.260782499415608,6.388071316163868
7.28613172694648,6.403094522103951
7.311324878096398,6.418351312855183
7.336361952865362,6.433841688417569
7.361242951253374,6.449565648791106
7.38596787326043,6.465523193975795
7.410536718886533,6.481714323971634
7.434949488131683,6.498139038778625
7.459206180995878,6.514797338396767
7.483306797479119,6.531689222826061
7.507251337581407,6.5488146920665065
7.531039801302741,6.566173746118103
7.554672188643122,6.583766384980852
7.578148499602547,6.601592608654752
7.6014687341810205,6.619652417139802
7.624632892378539,6.637945810436006
7.647640974195104,6.656472788543359
7.6704929796307155,6.675233351461865
7.693188908685373,6.6942274991915225
7.715728761359077,6.713455231732331
7.738112537651826,6.7329165490842895
7.7603402375636215,6.752611451247401
7.782411861094465,6.772539938221664
7.804327408244353,6.792702010007078
7.826086879013287,6.813097666603644
7.847690273401268,6.833726908011361
7.869137591408295,6.854589734230229
7.890428833034369,6.875686145260249
7.911525244064388,6.896977386886322
7.932388070283257,6.918424704893348
7.953017311690975,6.940028099281328
7.973412968287541,6.961787570050262
7.9935750400729555,6.98370311720015
8.01350352704722,7.005774740730992
8.033198429210332,7.028002440642788
8.052659746562293,7.050386216935537
8.071887479103102,7.07292606960924
8.09088162683276,7.095621998663896
8.109642189751266,7.1184740040995065
8.12816916785862,7.1414820859160715
8.146462561154824,7.16464624411359
8.164522369639874,7.187966478692062
8.182348593313776,7.211442789651488
8.199941232176526,7.2350751769918675
8.217300286228122,7.2588636407132014
8.23442575546857,7.282808180815488
8.251317639897863,7.306908797298729
8.267975939516006,7.331165490162925
8.284400654322997,7.355578259408074
8.300591784318838,7.380147105034176
8.316549329503527,7.4048720270412325
8.332273289877065,7.4297530254292425
8.347763665439452,7.454790100198206
8.363020456190686,7.4799832513481235
8.37804366213077,7.505332478878996
8.3928332832597,7.5308377827908215
8.407389319577481,7.5564991630836005
8.421711771084109,7.582316619757333
8.435800637779588,7.60829015281202
8.449655919663915,7.634419762247661
8.463277616737088,7.660705448064255
8.476665728999112,7.687147210261804
8.489820256449983,7.713745048840305
8.502741199089703,7.740498963799761
8.515428556918271,7.767408955140171
8.52788232993569,7.794475022861534
8.540102518141955,7.821697166963852
8.552089121537069,7.849075387447122
8.563842140121034,7.876609684311348
8.575374550827796,7.904291386646474
8.586855053798748,7.9320077726218114
8.598335556769701,7.959724158597149
8.609816059740654,7.987440544572488
8.621296562711606,8.015156930547825
8.632777065682559,8.042873316523163
8.644257568653511,8.070589702498502
8.655738071624464,8.098306088473839
8.667218574595417,8.126022474449178
8.678699077566367,8.153738860424516
8.69017958053732,8.181455246399853
8.701660083508273,8.209171632375192
8.713140586479225,8.23688801835053
8.724621089450178,8.264604404325867
8.73610159242113,8.292320790301206
8.747582095392083,8.320037176276543
8.759062598363036,8.347753562251881
8.770543101333988,8.37546994822722
8.782023604304941,8.403186334202557
8.793504107275893,8.430902720177896
8.804984610246846,8.458619106153234
8.816465113217797,8.486335492128571
8.82794561618875,8.51405187810391
8.839426119159702,8.541768264079248
8.850906622130655,8.569484650054585
8.862387125101607,8.597201036029924
8.87386762807256,8.624917422005261
8.885348131043513,8.6526338079806
8.896828634014465,8.680350193955938
8.908309136985418,8.708066579931275
8.91978963995637,8.735782965906614
8.931270142927323,8.763499351881952
8.942750645898276,8.79121573785729
8.954231148869226,8.818932123832628
8.965711651840179,8.846648509807967
8.977192154811132,8.874364895783303
8.988672657782084,8.902081281758642
9.000153160753037,8.929797667733979
9.01163366372399,8.957514053709318
9.023114166694942,8.985230439684656
9.034594669665895,9.012946825659995
9.046075172636847,9.040663211635332
9.057642266983823,9.068293006234647
9.069577374678897,9.095554787485863
9.081902143566076,9.122426907544975
9.09461657364536,9.148909366411981
9.107720664916748,9.175002164086882
9.121214417380243,9.200705300569679
9.135097831035843,9.22601877586037
9.149370905883549,9.250942589958953
9.16403364192336,9.275476742865433
9.179086039155276,9.299621234579808
9.194528097579298,9.323376065102076
9.210359817195423,9.346741234432242
9.226581198003656,9.369716742570299
9.243192240003992,9.392302589516254
9.260192943196435,9.414498775270102
9.277583307580983,9.436305299831844
9.295363333157633,9.457722163201483
9.31353301992639,9.478749365379016
9.332092367887254,9.499386906364442
9.351041377040223,9.519634786157765
9.370380047385297,9.539493004758983
9.390108378922475,9.558961562168093
9.41022637165176,9.5780404583851
9.43073402557315,9.59672969341
9.451631340686644,9.615029267242797
9.472918316992244,9.632939179883488
9.49459495448995,9.650459431332072
9.516661253179759,9.667590021588554
9.539117213061674,9.684330950652928
9.561962834135695,9.700682218525197
9.58519811640182,9.716643825205363
9.608823059860052,9.732215770693422
9.632837664510388,9.747398054989375
9.65724193035283,9.762190678093225
9.682035857387378,9.776593640004966
9.70721944561403,9.790606940724606
9.732792695032789,9.804230580252138
9.758755605643652,9.817464558587565
9.785108177446618,9.83030887573089
9.811850410441691,9.842763531682106
9.83898230462887,9.854828526441217
